"LIST-ID","occups"
"445469","curator"
"445521","medicus"
"445530","frumentarius"
"445542","poeta"
"445609","curator"
"445609","faber"
"445616","curator"
"445630","curator"
"445706","curator"
"445709","curator"
"445710","faber"
"445711","curator"
"445711","faber"
"445713","curator"
"445846","curator"
"445905","faber"
"445915","faber"
"445919","faber"
"445921","curator"
"445921","faber"
"445922","curator"
"445922","faber"
"445923","curator"
"445923","faber"
"445924","faber"
"445925","curator"
"445930","curator"
"445937","curator"
"445948","curator"
"445976","curator"
"445980","curator"
"445980","faber"
"445981","curator"
"445982","curator"
"445984","curator"
"446181","curator"
"446252","oleareus"
"446258","curator"
"446403","gladiator"
"446435","ocularius"
"446435","medicus"
"446443","medicus"
"446526","mercator"
"446527","sector"
"446578","faber"
"446596","curator"
"446599","curator"
"446675","caligarius"
"446675","lapidarius"
"446676","vestiarius"
"446685","sagarius"
"446687","colorator"
"446688","faber"
"446690","faber anularius"
"446691","negotiator ferrarius"
"446698","dendrophorus"
"446698","faber"
"446718","figulus"
"446719","curator"
"446729","dolator"
"446730","scriba"
"446751","curator"
"446751","curator"
"446761","medicus"
"446765","faber"
"446785","aurifex"
"446785","aurifex"
"446800","curator"
"446800","faber"
"446815","scriba"
"446815","scriba"
"446815","faber"
"446815","faber"
"446825","pectinarius"
"446825","carminator"
"446825","vestiarius"
"446855","faber"
"446861","nummularius"
"446865","vexillarius"
"446865","faber"
"447042","structor"
"447086","caementarius"
"447088","curator"
"447095","curator"
"447108","possessor"
"447108","possessor"
"447108","curator"
"447134","scriba"
"447134","scriba"
"447134","scriba"
"447143","sagittarius"
"447161","curator"
"447173","curator"
"447187","curator"
"447222","ornatrix"
"447228","marmorarius"
"447228","ornator"
"447233","structor"
"447279","curator"
"447283","ornator"
"447399","forensis"
"447399","curator"
"447466","curator"
"447467","curator"
"447468","curator"
"447470","curator"
"447470","curator"
"447475","curator"
"447485","curator"
"447491","curator"
"447519","curator"
"447526","curator"
"447531","pantomimus"
"447575","architectus"
"447609","ornator"
"447793","acceptor"
"447794","mensor"
"447795","mensor"
"447795","mensor"
"447803","mensor"
"447862","curator"
"447871","curator"
"447875","faber"
"447881","soliarius"
"447916","medicus"
"447968","aerarius"
"447969","scriba"
"447997","curator"
"448005","curator"
"448018","exceptor"
"448021","scaenicus"
"448027","scaenicus"
"448054","curator"
"448061","agricola"
"448061","pomarius"
"448066","scaenicus"
"448066","curator"
"448090","conditor"
"448094","curator"
"448098","fullo"
"448129","figulus"
"448155","curator"
"448179","arcarius"
"448274","mesor"
"448308","furnarius"
"448308","furnaria"
"448310","mulionus"
"448326","venator"
"448342","gladiator"
"448352","gladiator"
"448353","medicus"
"448463","scaenicus"
"448507","mesor"
"448511","structor"
"448511","curator"
"448535","curator"
"448636","curator"
"448637","curator"
"448643","curator"
"448644","faber"
"448645","curator"
"448650","scaenicus"
"448655","curator"
"448655","curator"
"448660","curator"
"448660","curator"
"448661","intestinus"
"448661","curator"
"448665","conditor"
"448679","curator"
"448691","curator"
"448711","curator"
"448720","curator"
"448726","curator"
"448745","curator"
"448769","aerarius"
"448769","curator"
"448770","curator"
"448770","curator"
"448770","curator"
"448793","extructor"
"448794","conditor"
"448814","curator"
"448816","curator"
"448817","aerarius"
"448817","curator"
"448821","curator"
"448843","curator"
"448849","structor"
"448862","signator"
"448862","scriba"
"448862","scriba"
"448933","curator"
"448937","curator"
"448966","curator"
"448967","aerarius"
"448967","aerarius"
"448983","curator"
"448986","curator"
"448991","albarius"
"449004","margaritarius"
"449033","aerarius"
"449033","salarius"
"449033","curator"
"449034","curator"
"449036","curator"
"449041","curator"
"449046","curator"
"449052","curator"
"449124","cornicen"
"449156","curator"
"449208","lanifica"
"449244","curator"
"449249","gladiator"
"449305","possessor"
"449338","curator"
"449344","aerarius"
"449364","sartor"
"449385","curator"
"449389","curator"
"449399","curator"
"449408","argentarius"
"449410","scaenicus"
"449415","tonsor"
"449435","faber"
"449441","curator"
"449441","curator"
"449444","curator"
"449457","faber"
"449466","redemptor"
"449472","curator"
"449481","curator"
"449495","curator"
"449502","agricola"
"449513","curator"
"449547","conditor"
"449551","curator"
"449569","athleta"
"449735","curator"
"449781","aerarius"
"449789","possessor"
"449818","curator"
"449819","artifex"
"449819","curator"
"449821","curator"
"449833","lecticarius"
"449838","scriba"
"449838","faber"
"449864","curator"
"449876","curator"
"449912","aerarius"
"449912","faber"
"449927","curator"
"449927","curator"
"449939","sagittarius"
"449939","curator"
"449940","curator"
"449941","curator"
"449992","curator"
"450002","aedifex"
"450018","conditor"
"450028","curator"
"450029","scaenicus"
"450032","curator"
"450033","curator"
"450038","aerarius"
"450044","aerarius"
"450048","pomarius"
"450048","pomarius"
"450048","coactor"
"450051","curator"
"450061","mensor"
"450064","curator"
"450101","curator"
"450156","frumentarius"
"450156","tector"
"450188","asinarius"
"450188","asinarius"
"450198","curator"
"450222","exceptor"
"450297","curator"
"450309","curator"
"450311","curator"
"450316","sagittarius"
"450324","gladiator"
"450448","curator"
"450453","curator"
"450499","curator"
"450565","curator"
"450575","curator"
"450583","conditor"
"450594","structor"
"450605","albarius"
"450614","pictor"
"450627","curator"
"450627","curator"
"450657","curator"
"450666","curator"
"450678","possessor"
"450681","curator"
"450692","scaenicus"
"450695","scaenicus"
"450708","curator"
"450719","possessor"
"450755","navicularius"
"450793","signator"
"450966","signator"
"450967","medicus"
"450974","curator"
"450976","scaenicus"
"450979","curator"
"450988","curator"
"451046","curator"
"451122","curator"
"451128","curator"
"451138","structor"
"451143","curator"
"451143","curator"
"451192","scaenicus"
"451200","professor"
"451200","scaenicus"
"451200","curator"
"451201","curator"
"451202","curator"
"451206","curator"
"451208","curator"
"451210","curator"
"451211","curator"
"451212","curator"
"451221","arcarius"
"451221","arcarius"
"451605","centonarius"
"451607","sutor"
"451732","curator"
"451824","faber tignuarius"
"451862","tabernarius"
"451925","vexillarius"
"451933","centonarius"
"451933","utriclarius"
"451933","utriclarius"
"451933","faber"
"452066","curator"
"452066","curator"
"452075","vexillarius"
"452176","frumentarius"
"452383","curator"
"452390","scriba"
"452393","tibicinus"
"452400","curator"
"452400","poeta"
"452401","poeta"
"452406","retiarius"
"452406","retiarius"
"452408","medicus"
"452435","possessor"
"452439","curator"
"452446","faber"
"452456","faber"
"452468","arcarius"
"452515","sagarius"
"452518","armamentarius"
"452521","curator"
"452531","nauta"
"452591","lanionus"
"452601","arcarius"
"452604","aquarius"
"452651","possessor"
"452651","possessor"
"452666","curator"
"452709","pellio"
"452753","curator"
"452774","gladiator"
"452774","gladiator"
"452859","faber"
"452868","curator"
"452896","curator"
"452898","faber tignarius"
"452917","curator"
"452927","curator"
"453015","faber"
"453024","sarcinator"
"453033","aerarius"
"453033","aerarius"
"453072","faber"
"453080","cunarius"
"453108","faber"
"453170","lintiarius"
"453173","sculptor"
"453196","copo"
"453287","curator"
"453354","faber"
"453390","marmorarius"
"453403","marmorarius"
"453408","officinator"
"453449","negotiator"
"453506","faber"
"453506","faber"
"453508","curator"
"453529","marmorarius"
"453531","structor"
"453651","frumentarius"
"453755","scutarius"
"453773","frumentarius"
"453773","scriba"
"453792","medicus"
"453850","curator"
"453851","aerarius"
"453873","naupegus"
"453879","curator"
"453879","curator"
"453879","curator"
"453879","curator"
"453879","curator"
"453879","curator"
"453880","acceptor"
"453889","faber"
"453894","scriba"
"453897","curator"
"453900","faber"
"454002","faber"
"454007","faber"
"454008","conditor"
"454029","gladiator"
"454029","curator"
"454030","frumentarius"
"454057","faber"
"454162","ocularius"
"454162","medicus"
"454256","offector"
"454272","marmorarienses"
"454476","candidator"
"454515","faber"
"454563","argentarius"
"454635","faber subaedianus"
"454635","faber subaedianus"
"454728","venator"
"454803","aerarius"
"454840","faber"
"454948","curator"
"454962","faber"
"454964","faber"
"454983","marmorarius"
"455006","sagarius"
"455014","subidianus"
"455014","faber"
"455015","brattiarius"
"455016","aerarius"
"455016","medicus"
"455017","purpurarius"
"455017","purpurarius"
"455019","institor"
"455020","medicus"
"455021","sarcinatrix"
"455023","aerarius"
"455024","argentarius"
"455024","coactor"
"455025","vestiarius"
"455027","dissignator"
"455029","anaglyptarius"
"455029","caelator"
"455030","marmorarius"
"455030","artifex"
"455032","medicus"
"455042","retiarius"
"455313","venator"
"455424","canalicularius"
"455424","frumentarius"
"455493","frumentarius"
"455506","diffusor"
"455506","olearius"
"455508","medicus"
"455636","curator"
"455687","aerarius"
"455687","aerarius"
"455687","curator"
"455701","curator"
"455840","curator"
"455867","operarius"
"455939","scaenicus"
"455939","scaenicus"
"456051","scaenicus"
"456112","scaenicus"
"456123","curator"
"456136","scaenicus"
"456233","scaenicus"
"456266","curator"
"456267","curator"
"456284","factor"
"456400","scaenicus"
"456415","mensor"
"456432","tegularius"
"456432","gladiator"
"456432","redemptor"
"456432","redemptor"
"456432","redemptor"
"456432","redemptor"
"456432","redemptor"
"456432","scaenicus"
"456432","scaenicus"
"456432","scaenicus"
"456432","scaenicus"
"456432","scaenicus"
"456432","curator"
"456432","scriba"
"456432","scriba"
"456432","scriba"
"456432","scriba"
"456432","scriba"
"456432","scriba"
"456432","scriba"
"456432","faber"
"456437","curator"
"456441","faber"
"456598","curator"
"456601","faber"
"456603","infector"
"456626","faber"
"456661","curator"
"456724","serrarius"
"456730","gladiator"
"456730","gladiator"
"456730","gladiator"
"456730","gladiator"
"456730","gladiator"
"456730","gladiator"
"456730","gladiator"
"456730","gladiator"
"456730","gladiator"
"456730","curator"
"456730","curator"
"456744","curator"
"456781","negotians"
"456783","centonarius"
"456796","diffusor"
"456796","olearius"
"456796","olearius"
"456796","curator"
"456798","olearius"
"456842","promus"
"456860","sagittarius"
"456860","sagittarius"
"456871","conditor"
"456876","diffusor"
"456876","olearius"
"456884","lanificus"
"456964","aerarius"
"456964","curator"
"456964","curator"
"456987","curator"
"457114","medicus"
"457114","medicus"
"457116","negotiator"
"457169","vexillarius"
"457234","tignuarius"
"457234","faber"
"457237","sagittarius"
"457237","sagittarius"
"457364","lapicida"
"457383","curator"
"457438","negotiator salarius"
"457442","negotiator"
"457445","negotiator"
"457447","negotiator"
"457457","negotiator salarius"
"457461","negotiator allecarius"
"457463","negotiator"
"457471","negotiator salarius"
"457475","negotiator"
"457478","nauta"
"457482","negotiator salarius"
"457491","negotiator"
"457495","negotiator"
"457517","negotiator allecarius"
"457687","negotiator"
"457704","medicus"
"457750","medicus"
"457836","seplasiarius"
"457838","cassidarius"
"457936","aerarius"
"457980","negotiator"
"457982","negotiator"
"458024","arenarius"
"458049","negotiator"
"458075","aerarius"
"458083","saccarius"
"458083","cuparius"
"458084","faber"
"458086","negotiator"
"458087","negotiator"
"458340","nummularius"
"458342","faber dolabrarius"
"458346","cervesarius"
"458357","metator"
"458467","negotiator cervesarius"
"458495","cretaria"
"458722","salinator"
"458801","faber ferrarius"
"458802","lapidarius"
"458814","nauta"
"459091","scriba"
"459092","aerarius"
"459094","retiarius"
"459095","quadratarius"
"459097","vestiarius"
"459099","pomarius"
"459099","pomarius"
"459099","pomarius"
"459099","curator"
"459099","curator"
"459210","parasitus"
"459302","lanius"
"459510","sagittarius"
"459682","intestinus"
"459694","scultor"
"459707","fabriciensis"
"459707","fabricensis"
"459722","lapidarius"
"459822","medicus"
"459873","venator"
"459948","architectus"
"459951","architectus"
"459983","argentarius"
"459992","argentarius"
"460068","argentarius"
"460074","argentarius"
"460075","argentarius"
"460077","argentarius"
"460078","argentarius"
"460470","conditor"
"460482","seplasiarius"
"460559","vexillarius"
"460561","architectus"
"461164","structor"
"461164","medicus"
"461168","scriba"
"461168","scriba"
"461168","scriba"
"461168","scriba"
"461170","curator"
"461171","cervesarius"
"461171","cervesarius"
"461171","iumentarius"
"461181","calcarius"
"461184","scutarius"
"461184","venator"
"461185","faber"
"461185","faber"
"461185","faber"
"461199","seplasiarius"
"461210","faber"
"461210","faber"
"461214","vexillarius"
"461214","vexillarius"
"461214","scutarius"
"461214","venator"
"461232","curator"
"461294","faber"
"461307","argentarius"
"461375","aerarius"
"461475","vexillarius"
"461659","argentarius"
"461679","aerarius"
"461787","argentarius"
"461788","argentarius"
"461789","argentarius"
"461790","argentarius"
"461918","ballistarius"
"461919","ballistarius"
"462070","curator"
"462179","curator"
"462250","argentarius"
"462251","argentarius"
"462252","argentarius"
"462631","medicus"
"462847","curator"
"462946","mensor"
"463163","artifex"
"463388","intestinus"
"463665","nauta"
"463687","argentarius"
"463695","negotiator"
"463830","gladiator"
"463831","gladiator"
"463831","faber"
"463839","medicus"
"463848","curator"
"463857","architectus"
"463882","faber"
"463930","curator"
"463944","dendrophorus"
"463974","faber"
"464117","curator"
"464152","scriba"
"464243","mensor"
"464251","curator"
"464257","curator"
"464264","factor"
"464401","exceptor"
"464533","faber"
"464542","faber"
"464564","pictor"
"464575","faber"
"464594","operarius"
"464602","faber"
"464610","faber"
"464627","negotiator"
"464630","aerarius"
"464631","aerarius"
"464641","faber"
"464642","faber"
"464680","armamentarius"
"464734","centonarius"
"464738","curator"
"464740","frumentarius"
"464749","agrimensor"
"464767","centonarius"
"464767","faber"
"464768","centonarius"
"464769","faber centonarius"
"464769","nauta"
"464770","faber"
"464772","faber"
"464776","dendrophorus"
"464776","faber"
"464779","mensor"
"464820","faber"
"464856","negotiator"
"464858","faber"
"464883","vexillarius"
"464888","scriptor"
"464888","faber"
"464889","faber"
"465211","sagittarius"
"465248","curator"
"465293","lapidarius"
"465298","utricularius"
"465354","curator"
"465354","curator"
"465354","curator"
"465354","curator"
"465354","curator"
"465354","curator"
"465441","sagittarius"
"465559","exceptor"
"465561","scriba"
"465588","lapidarius"
"465628","sagittarius"
"465631","sagittarius"
"465635","sagittarius"
"465635","vexillarius"
"465635","faber"
"465635","faber"
"465635","faber"
"465640","sagittarius"
"465655","medicus"
"465657","negotiator"
"465670","sagittarius"
"465686","frumentarius"
"465725","sagittarius"
"465726","sagittarius"
"465728","sagittarius"
"465731","sagittarius"
"465731","sagittarius"
"465753","curator"
"465770","faber"
"465818","curator"
"465844","sagittarius"
"465983","sagittarius"
"465990","sagittarius"
"466046","sagittarius"
"466046","sagittarius"
"466053","utricularius"
"466110","faber"
"466138","sagittarius"
"466138","sagittarius"
"466138","sagittarius"
"466138","sagittarius"
"466146","sagittarius"
"466155","sagittarius"
"466213","sagittarius"
"466214","sagittarius"
"466289","lapidarius"
"466324","sagittarius"
"466353","sagittarius"
"466426","legulus"
"466637","nummularius"
"466643","faber"
"466650","faber"
"466657","lecticarius"
"466674","curator"
"466675","curator"
"466676","curator"
"466677","curator"
"466693","frumentarius"
"466711","faber"
"466712","faber"
"466713","faber"
"466716","faber"
"466719","negotiator"
"466720","faber"
"466723","faber"
"466724","faber"
"466726","faber"
"466731","scriba"
"466778","vexillarius"
"466778","faber"
"466780","nummularius"
"466782","faber"
"466787","faber"
"466789","arcarius"
"466791","scriba"
"466792","negotiator"
"466844","scriba"
"466883","scriba"
"466887","faber"
"466892","faber"
"466907","faber"
"466914","faber"
"466915","faber"
"466923","faber"
"466923","faber"
"466944","faber"
"466949","faber"
"466950","faber"
"466967","faber"
"466980","faber"
"467012","curator"
"467013","curator"
"467018","frumentarius"
"467019","faber"
"467020","faber"
"467025","faber"
"467029","conditor"
"467052","faber"
"467099","faber"
"467128","faber"
"467136","faber"
"467145","faber"
"467146","faber"
"467147","faber"
"467153","faber"
"467255","frumentarius"
"467255","mensor"
"467256","faber"
"467486","mensor"
"467496","scriba"
"467508","armamentarius"
"467596","curator"
"467601","sagittarius"
"467623","lapidarius"
"467721","sagittarius"
"467744","sagittarius"
"467744","sagittarius"
"467767","aurarius"
"467785","legulus"
"468058","centonarius"
"468058","faber"
"468294","curator"
"468355","aerarius"
"468356","curator"
"468639","faber"
"468640","faber"
"468655","scriba"
"468713","faber"
"468775","vexillarius"
"468832","aerarius"
"468933","vexillarius"
"468934","vexillarius"
"469058","vexillarius"
"469128","frumentarius"
"469209","cornicen"
"469244","arcarius"
"469342","negotiator cretarius"
"469371","fontanus"
"469386","faber"
"469649","scriba"
"470136","curator"
"470405","seplasiarius"
"470537","faber"
"470568","olarius"
"470738","negotiator lanarius"
"470886","arcarius"
"470911","frumentarius"
"470912","faber"
"470927","arcarius"
"470937","negotians"
"470943","vexillarius"
"470949","faber"
"470950","scriba"
"470957","curator"
"470957","faber"
"470957","faber"
"470957","faber"
"470957","faber"
"470974","fabricensis"
"470994","frumentarius"
"471005","faber"
"471016","negotiator"
"471037","centonarius"
"471037","faber"
"471042","ceriolarius"
"471044","conquiliarius"
"471045","ornatrix"
"471051","scriba"
"471053","mensor"
"471054","negotiator"
"471056","retiarius"
"471058","mensor"
"471059","mensor"
"471061","negotiator vinarius"
"471279","calegarius"
"471597","vexillarius"
"471638","venator"
"471692","frumentarius"
"471699","sagittarius"
"471702","faber"
"471718","spatharius"
"471721","vexillarius"
"471744","faber"
"471767","centonarius"
"471767","faber"
"471773","faber"
"471778","faber"
"471782","centonarius"
"471790","faber"
"471793","lapidarius"
"471794","tignarius"
"471794","faber"
"471797","retiarius"
"472424","curator"
"472439","corarius"
"472454","vitriarius"
"472520","sartur"
"472635","negotians materiarius"
"472636","retiarius"
"472637","cretaria"
"472825","calegarius"
"472928","faber"
"473029","calegarius"
"473086","sagittarius"
"473096","faber"
"473097","faber"
"473107","medicus"
"473307","negotiator"
"473338","sagittarius"
"473350","exceptor"
"473350","curator"
"473368","curator"
"473368","curator"
"473368","curator"
"473369","centonarius"
"473369","faber"
"473478","centonarius"
"473478","faber"
"473484","centonarius"
"473484","faber"
"473728","retiarius"
"473773","pistur"
"473991","exceptor"
"473999","curator"
"474003","faber"
"474439","vexillarius"
"474439","curator"
"474480","faber"
"474733","negotiator"
"474735","lapidarius"
"474800","scaenicus"
"474808","lapidarius"
"474859","faber"
"474996","curator"
"475002","faber"
"475036","conditor"
"475216","negotiator olearius"
"475377","saccarius"
"475378","saccarius"
"475393","frumentarius"
"475416","scutarius"
"475428","curator"
"475437","curator"
"475439","centonarius"
"475439","faber"
"475445","curator"
"475446","medicus"
"475517","curator"
"475522","medicus"
"475523","medicus"
"475542","curator"
"475542","curator"
"475557","curator"
"475599","negotians"
"475613","scriba"
"475614","parasitus"
"475614","parasitus"
"475640","curator"
"475650","medicus"
"475701","curator"
"475702","curator"
"475703","curator"
"475704","curator"
"475730","piscator"
"475732","curator"
"475735","aerarius"
"475735","scriba"
"475737","aeneator"
"475742","curator"
"475754","curator"
"475760","gladiator"
"475760","gladiator"
"475795","medicus"
"475797","centonarius"
"475797","faber"
"475805","aerarius"
"475836","negotiator"
"475854","sagittarius"
"475854","faber"
"475921","faber tignarius"
"475958","curator"
"475963","scriba"
"475965","sagittarius"
"475965","faber"
"475982","negotians"
"475982","vinarius"
"475982","curator"
"475991","medicus"
"476039","marmorarius"
"476091","curator"
"476148","curator"
"476206","curator"
"476207","aerarius"
"476207","curator"
"476211","faber"
"476228","scriba"
"476228","scriba"
"476228","scriba"
"476229","scriba"
"476348","sagittarius"
"476353","sagittarius"
"476353","sagittarius"
"476386","gladiator"
"476390","curator"
"476392","faber"
"476394","curator"
"476410","faber"
"476411","faber"
"476445","gladiator"
"476450","faber"
"476451","faber"
"476453","aerarius"
"476453","curator"
"476454","faber"
"476459","curator"
"476459","curator"
"476469","curator"
"476484","dendrophorus"
"476493","possessor"
"476496","dendrophorus"
"476496","dendrophorus"
"476496","dendrophorus"
"476496","centonarius"
"476496","centonarius"
"476496","utriclarius"
"476496","utriclarius"
"476496","faber"
"476506","centonarius"
"476514","cellarius"
"476572","marmorarius"
"476584","faber"
"476585","curator"
"476588","faber"
"476589","faber"
"476599","gladiator"
"476607","curator"
"476608","athleta"
"476609","navicularius"
"476610","forensis"
"476614","canalicularius"
"476614","frumentarius"
"476616","marmorarius"
"476655","faber"
"476745","molitor"
"476824","faber"
"476826","plumbarius"
"476880","aurifex"
"476888","aerarius"
"476889","aerarius"
"476898","aerarius"
"476898","faber"
"476903","sagarius"
"476910","nauta"
"476960","curator"
"477006","utriclarius"
"477006","faber"
"477028","tibicinus"
"477097","unguentarius"
"477141","faber"
"477211","argentarius"
"477227","ocularius"
"477227","medicus"
"477262","faber"
"477268","gypsarius"
"477270","copo"
"477274","navicularius"
"477276","pistor"
"477279","mercator"
"477281","retiarius"
"477281","retiarius"
"477284","nummularius"
"477339","faber"
"477346","lanius"
"477359","negotiator vinarius"
"477359","curator"
"477360","negotiator vinarius"
"477360","curator"
"477362","medicus"
"477491","faber"
"477492","faber"
"477509","faber"
"477516","scriba"
"477528","aerarius"
"477534","faber tignarius"
"477606","faber"
"477655","faber"
"477734","faber"
"477800","faber"
"477919","negotiator frumentarius"
"478015","vexillarius"
"478063","medicus"
"478066","negotiator"
"478179","architectus"
"478200","argentarius"
"478201","negotiator vinarius"
"478304","architectus"
"478352","cretarius"
"478427","curator"
"478451","negotiator cretarius"
"478646","medicus"
"478647","calcarius"
"478649","architectus"
"478649","calcarius"
"478658","calcarius"
"478702","gladiator"
"478767","negotiator"
"478767","moritex"
"478786","focarius"
"478787","hastifer"
"478826","negotiator"
"478883","frumentarius"
"478888","pequarius"
"478924","scriba"
"478939","negotiator"
"478945","faber tignarius"
"478950","medicus"
"478951","negotiator cretarius"
"478952","negotiator"
"478952","lanius"
"478953","negotiator"
"478954","negotiator nummularius"
"478955","negotiator seplasiario"
"479089","uctor"
"479427","argentarius"
"479427","coactor"
"479429","faber"
"479430","negotiator"
"479430","lignarius"
"479431","nummularius"
"479442","essedarius"
"479442","essedarius"
"479482","negotiator"
"479500","armamentarius"
"479521","negotiator"
"479521","vinarius"
"479628","negotiator"
"479656","curator"
"480192","cornicen"
"480244","negotiator frumentarius"
"480247","figulus"
"480292","frumentarius"
"480297","faber tignarius"
"480301","sutor"
"480616","frumentarius"
"480703","cornicen"
"480719","armamentarius"
"480721","vexillarius"
"480743","negotiator vestiarius"
"480825","medicus"
"480836","nauta"
"480874","sutor"
"481020","medicus"
"481119","pictor"
"481221","arcarius"
"481228","fullo"
"481249","dendrophorus"
"481250","faber tignuarius"
"481250","aurifex"
"481322","negotiator"
"481335","medicus"
"481350","curator"
"481351","faber"
"481352","nauta"
"481400","curator"
"481400","curator"
"481401","curator"
"481402","curator"
"481408","professor"
"481408","medicus"
"481418","aerarius"
"481424","nauta"
"481474","nauta"
"481487","lapidarius"
"481552","faber"
"481573","aerarius"
"481575","materiarius"
"481575","offector"
"481575","lanius"
"481647","tignarius"
"481652","faber tignarius"
"481676","medicus"
"481775","argentarius"
"481792","medicus"
"481982","nauta"
"482052","negotiator"
"482052","lanius"
"482065","medicus"
"482210","negotiator"
"482221","faber tignarius"
"482228","aerarius"
"482254","dendrophorus"
"482295","architectus"
"482323","vexillarius"
"482739","curator"
"482739","curator"
"482746","curator"
"482747","nauta"
"482749","nauta"
"482750","nauta"
"482777","negotiator"
"482817","mensor"
"482906","tector"
"482977","vexillarius"
"482985","curator"
"482986","negotiator gladiarius"
"482990","architectus"
"483012","medicus"
"483017","frumentarius"
"483058","negotiator"
"483072","curator"
"483084","seplasiarius"
"483098","manticularius"
"483098","negotiator"
"483114","faber"
"483253","mensor"
"483311","faber"
"483312","nauta"
"483312","nauta"
"483313","negotiator"
"483315","pecuarius"
"483320","pecuarius"
"483336","medicus"
"483359","anularius"
"483361","hastifer"
"483382","manticularius"
"483388","negotiator"
"483406","scholasticus"
"483421","naupegus"
"483436","scriptor"
"483440","plumarius"
"483489","gladiator"
"483517","arcarius"
"483524","pausarius"
"483525","pausarius"
"483526","pausarius"
"483542","curator"
"483547","curator"
"483587","hastifer"
"483587","curator"
"483597","negotiator"
"483622","faber"
"483627","faber"
"483642","nauta"
"483645","negotiator"
"483703","plumbarius"
"483790","textor"
"483802","vexillarius"
"483802","vexillarius"
"483803","vexillarius"
"483823","capsarius"
"483823","medicus"
"483869","faber"
"483875","curator"
"483914","medicus"
"483916","lignarius"
"483962","sagittarius"
"484066","cornicen"
"484096","medicus"
"484301","negotiator paenularius"
"484301","negotiator"
"484301","cretaria"
"484555","aeneator"
"484597","vexillarius"
"484610","lignarius"
"484736","lignarius"
"484821","negotians"
"484850","curator"
"484869","negotiator"
"484870","negotiator"
"484870","cretaria"
"484969","medicus"
"484970","structor"
"484982","negotiator salsari leguminari"
"484997","gladiarius"
"485040","armamentarius"
"485043","scutarius"
"485047","vinarius"
"485091","medicus"
"485109","medicus"
"485162","circitor"
"485179","negotiator"
"485228","medicus"
"485250","curator"
"485509","curator"
"485559","curator"
"485619","faber"
"485626","faber"
"485629","curator"
"485630","curator"
"485630","curator"
"485631","curator"
"485631","curator"
"485636","faber"
"486022","aerarius"
"486265","scriba"
"486265","scriba"
"486266","scriba"
"486266","scriba"
"486281","argentarius"
"486333","forensis"
"486362","sutor"
"486364","piscator"
"486364","propola"
"486407","tonsor"
"486416","faber lapidarius"
"486417","pistor"
"486455","pistor"
"486548","gladiator"
"486567","figulus"
"486664","medicus"
"486742","curator"
"486744","medicus"
"486834","faber argentarius"
"486834","conflator"
"487130","argentarius"
"487153","lanarius"
"487175","pistor"
"487316","faber"
"487334","faber"
"487559","faber"
"487653","faber"
"487782","conditor"
"487859","sutor"
"487879","faber"
"487881","pistor"
"487934","fullo"
"488068","scriba"
"488071","venator"
"488209","faber"
"488401","scriba"
"488410","artifex"
"488521","faber"
"488521","faber"
"488927","venator"
"489040","pectenarius"
"489040","clavarius"
"489040","fullo"
"489040","fullo"
"489040","sutor"
"489150","faber"
"489186","faber"
"489187","faber"
"489189","faber"
"489214","copo"
"489218","aerarius"
"489257","curator"
"489298","medicus"
"489460","argentarius"
"489460","vasclarius"
"489849","faber"
"489892","curator"
"489901","venator"
"489903","curator"
"489904","curator"
"489914","venator"
"489920","curator"
"489927","medicus"
"489945","aerarius"
"489945","curator"
"489945","navalis"
"489948","argentarius"
"489948","coactor"
"489989","curator"
"489990","lecticarius"
"489992","curator"
"489997","curator"
"489997","curator"
"490004","argentarius"
"490005","curator"
"490014","aerarius"
"490018","curator"
"490018","curator"
"490018","curator"
"490022","dendrophorus"
"490026","embaenitarius"
"490026","curator"
"490026","curator"
"490029","carbonarus"
"490031","curator"
"490031","curator"
"490031","curator"
"490044","gisiarius"
"490084","faber"
"490094","curator"
"490098","medicus"
"490100","aerarius"
"490115","curator"
"490115","curator"
"490141","architectus"
"490141","sagarius"
"490163","curator"
"490163","curator"
"490204","faber tignuarius"
"490204","negotians"
"490204","vinarius"
"490209","possessor"
"490209","susceptor"
"490245","curator"
"490246","curator"
"490247","aerarius"
"490247","curator"
"490251","medicus"
"490261","curator"
"490304","forensis"
"490305","curator"
"490332","scriba"
"490350","propola"
"490351","ustor"
"490351","ustor"
"490354","curator"
"490399","medicus"
"490402","scriptor"
"490438","faber"
"490439","aerarius"
"490459","aerarius"
"490468","aerarius"
"490481","frumentarius"
"490502","argentarius"
"490502","coactor"
"490514","faber navalis"
"490532","faber"
"490534","curator"
"490546","pantomimus"
"490585","armamentarius"
"490593","curator"
"490593","scriba"
"490610","glutinator"
"490610","topiarius"
"490610","topiarius"
"490619","lotorus"
"490620","possessor"
"490627","curator"
"490628","curator"
"490628","curator"
"490629","curator"
"490630","curator"
"490630","curator"
"490631","curator"
"490631","curator"
"490632","curator"
"490655","copo"
"490664","imaginarius"
"490664","scriba"
"490695","faber"
"490705","structor"
"490723","dendrophorus"
"490723","curator"
"490724","curator"
"490760","dissignator"
"490774","curator"
"490774","curator"
"490777","faber tignarius"
"490779","scriba"
"490803","scaenicus"
"490805","salinator"
"490805","picarius"
"490806","mensor"
"490823","curator"
"490823","curator"
"490823","curator"
"490832","faber"
"490836","medicus"
"490847","curator"
"490851","marmorarius"
"490861","curator"
"490877","purpurarius"
"490877","mercator"
"490884","scriba"
"490884","faber"
"490890","unctor"
"490896","pellio"
"490908","navalis"
"490909","curator"
"490910","parasitus"
"490919","faber"
"490982","navicularius"
"490982","curator"
"490994","curator"
"490998","faber tignuarius"
"490998","navicularius"
"490998","nummularius"
"490998","lyntrarius"
"490998","negotiator"
"491017","officinator"
"491019","urinator"
"491022","navicularius"
"491023","curator"
"491025","lenuncularius"
"491026","lenuncularius"
"491026","stuppator"
"491027","faber tignuarius"
"491027","dendrophorus"
"491028","faber tignuarius"
"491031","navicularius"
"491031","curator"
"491043","cerarius"
"491043","scriba"
"491047","faber tignuarius"
"491050","faber tignuarius"
"491050","navalis"
"491050","faber"
"491085","argentarius"
"491085","coactor"
"491099","dendrophorus"
"491100","cerarius"
"491100","scriba"
"491102","hastifer"
"491103","cerarius"
"491103","scriba"
"491119","fullo"
"491211","pistor"
"491215","dendrophorus"
"491215","navigans"
"491221","aerarius"
"491224","faber"
"491226","faber"
"491228","lenuncularius"
"491242","faber"
"491260","faber tignarius"
"491261","pistor"
"491262","faber tignuarius"
"491271","aerarius"
"491274","frumentarius"
"491274","mensor"
"491274","pistor"
"491274","pistor"
"491275","curator"
"491289","stuppator"
"491289","restio"
"491294","negotians"
"491295","negotians"
"491299","negotians"
"491303","calcarius"
"491307","curator"
"491311","scriba"
"491315","aerarius"
"491315","curator"
"491316","aerarius"
"491318","pantomimus"
"491320","curator navium"
"491322","coactor"
"491322","curator"
"491323","faber tignuarius"
"491323","scaenicus"
"491323","cerarius"
"491323","scriba"
"491323","scriba"
"491323","scriba"
"491326","navicularius"
"491327","faber tignuarius"
"491327","faber tignuarius"
"491335","curator"
"491357","ornatrix"
"491357","ornatrix"
"491357","ornatrix"
"491357","ornatrix"
"491357","ornatrix"
"491357","ornatrix"
"491357","ornatrix"
"491357","ornatrix"
"491362","officinator"
"491372","faber tignarius"
"491375","aedifex"
"491376","retiarius"
"491392","mensor"
"491393","medicus"
"491402","negotians"
"491403","negotians"
"491404","negotians"
"491404","vinarius"
"491406","faber"
"491411","anabolicarius"
"491427","negotians"
"491427","vinarius"
"491431","aerarius"
"491431","faber"
"491432","aerarius"
"491435","frumentarius"
"491435","mensor"
"491437","faber navalis"
"491437","faber navalis"
"491437","aerarius"
"491437","curator"
"491438","statuarius"
"491439","aerarius"
"491439","faber"
"491441","negotians"
"491442","curator"
"491447","aerarius"
"491448","faber tignuarius"
"491448","argentarius"
"491448","coactor"
"491453","frumentarius"
"491453","mensor"
"491455","machinator"
"491460","curator"
"491501","curator"
"491504","gladiator"
"491504","scaenicus"
"491508","navalis"
"491529","faber"
"491585","infector"
"491591","pistor"
"491595","gladiator"
"491595","gladiator"
"491596","athleta"
"491626","copo"
"491642","curator"
"491649","arcarius"
"491681","gladiator"
"491685","fullo"
"491697","fullo"
"491715","gladiator"
"491716","gladiator"
"491716","gladiator"
"491725","gemmarius"
"491725","caelator"
"491733","violarius"
"491752","faber"
"491757","faber"
"491773","gladiator"
"491797","mercator"
"491797","mercator"
"491797","mercator"
"491797","mercator"
"491799","possessor"
"491807","curator"
"491827","arcarius"
"491827","arcarius"
"491836","mercator"
"491868","arcarius"
"491881","tibicinus"
"491895","curator"
"491951","scriba"
"491954","curator"
"491955","curator"
"491955","curator"
"491955","faber"
"491958","scabillarius"
"491962","libitinarius"
"491962","redemptor"
"491962","redemptor"
"491962","aerarius"
"491962","aerarius"
"491962","ustor"
"491993","conditor"
"491998","curator"
"491998","curator"
"492002","curator"
"492004","curator"
"492005","dendrophorus"
"492005","dendrophorus"
"492005","dendrophorus"
"492009","curator"
"492010","scaenicus"
"492021","cellarius"
"492026","medicus"
"492037","faber"
"492044","margaritarius"
"492072","curator"
"492072","faber"
"492080","curator"
"492085","curator"
"492103","vexillarius"
"492103","faber"
"492117","curator"
"492117","curator"
"492117","curator"
"492122","curator"
"492138","curator"
"492140","structor"
"492144","artifex"
"492147","scaenicus"
"492151","curator"
"492164","curator"
"492205","medicus"
"492220","argentarius"
"492220","coactor"
"492243","curator"
"492243","curator"
"492243","curator"
"492244","curator"
"492244","curator"
"492244","curator"
"492245","vexillarius"
"492248","faber"
"492252","faber"
"492253","dissignator"
"492283","curator"
"492290","intestinarius"
"492290","redemptor"
"492297","faber"
"492301","faber tignuarius"
"492315","medicus"
"492322","curator"
"492322","curator"
"492342","curator"
"492351","curator"
"492351","curator"
"492351","curator"
"492374","dendrophorus"
"492398","faber"
"492409","curator"
"492418","dendrophorus"
"492419","vinarius"
"492439","poeta"
"492471","aerarius"
"492544","curator"
"492622","curator"
"492754","curator"
"492754","faber"
"492776","purpurarius"
"492776","negotiator"
"492785","nauta"
"492789","navigans"
"492789","nauta"
"492792","centonarius"
"492792","negotiator"
"492792","nauta"
"492803","ratiarius"
"492848","frumentarius"
"492851","negotiator"
"492860","vinariarius"
"492860","negotiator"
"492860","nauta"
"492872","curator"
"492878","scaenicus"
"492878","polio"
"492904","nauta"
"492927","cuparius"
"492930","curator"
"492977","nauta"
"493041","gladiator"
"493041","salarius"
"493041","salarius"
"493150","argentarius"
"493150","aerarius"
"493189","curator"
"493369","curator"
"493466","medicus"
"493669","sagittarius"
"493669","faber"
"493770","faber"
"493927","faber"
"493937","cornicen"
"493983","ocularius"
"493983","medicus"
"493984","medicus"
"493985","medicus"
"494116","faber"
"494275","faber"
"494278","medicus"
"494445","sutor"
"494512","ustor"
"494542","poeta"
"494588","curator"
"494592","scriba"
"494645","negotiator"
"494783","architectus"
"494832","aurificus"
"494856","gladiator"
"494859","faber tignuarius"
"494862","ocularius"
"494862","medicus"
"494907","medicus"
"494917","decanus"
"494919","curator"
"494920","officinator"
"494920","officinator"
"494965","curator"
"494990","sagittarius"
"494990","sagittarius"
"495016","vexillarius"
"495074","scutarius"
"495094","curator"
"495106","mensor"
"495106","mensor"
"495184","faber"
"495252","institor"
"495287","medicus"
"495314","aquarius"
"495325","curator"
"495350","curator"
"495351","curator"
"495352","curator"
"495354","curator"
"495358","conditor"
"495378","curator"
"495415","medicus"
"495434","curator"
"495452","faber"
"495456","nauta"
"495474","curator"
"495483","curator"
"495504","curator"
"495513","faber navalis"
"495535","medicus"
"495552","lapidarius"
"495552","scalptor"
"495620","arcarius"
"495645","faber"
"495646","faber"
"495647","faber"
"495701","lotor"
"495703","curator"
"495844","vexillarius"
"495887","scriba"
"495887","faber"
"495898","cellarius"
"495911","argentarius"
"496032","pistor"
"496034","scriba"
"496155","medicus"
"496173","ornator"
"496366","possessor"
"496390","possessor"
"496586","curator"
"496612","artifex"
"496617","vexillarius"
"496708","conditor"
"496749","faber"
"496752","faber"
"496753","faber"
"496768","pistor"
"496792","sagittarius"
"496792","sagittarius"
"496792","sagittarius"
"496800","sagittarius"
"496800","sagittarius"
"496801","sagittarius"
"496801","sagittarius"
"496801","sagittarius"
"496801","sagittarius"
"496811","scriba"
"496828","sagittarius"
"496867","conditor"
"496894","vexillarius"
"496895","vexillarius"
"496942","negotians"
"496953","sutor"
"496953","sutor"
"496975","sagittarius"
"496976","sagittarius"
"496976","sagittarius"
"497041","exceptor"
"497042","cornicen"
"497042","cornicen"
"497042","cornicen"
"497064","scriba"
"497082","circitor"
"497082","circitor"
"497089","circitor"
"497109","architectus"
"497128","medicus"
"497130","medicus"
"497152","dendrophorus"
"497192","medicus"
"497248","arcarius"
"497268","nauta"
"497323","sagittarius"
"497333","aerarius"
"497333","curator"
"497333","curator"
"497333","curator"
"497420","vexillarius"
"497430","sagittarius"
"497435","curator"
"497467","scutarius"
"497490","scriba"
"497597","faber"
"497618","faber"
"497623","faber"
"497629","architectus"
"497629","coriarius"
"497716","faber"
"497749","sagittarius"
"497765","medicus"
"497782","frumentarius"
"497821","sagittarius"
"497821","sagittarius"
"497825","circitor"
"497889","mensor"
"497907","purpurarius"
"497936","lapidarius"
"497951","scriba"
"497953","frumentarius"
"497962","frumentarius"
"497966","cornicen"
"497966","cornicen"
"497966","cornicen"
"497966","cornicen"
"497966","cornicen"
"498055","agrimensor"
"498062","medicus"
"498062","venator"
"498067","frumentarius"
"498112","arcarius"
"498113","circitor"
"498114","vexillarius"
"498162","curator"
"498203","possessor"
"498277","scutarius"
"498333","scutarius"
"498336","medicus"
"498466","architectus"
"498489","sagittarius"
"498491","annonarius"
"498533","vexillarius"
"498594","vexillarius"
"498606","negotiator"
"498613","cornicen"
"498616","cornicen"
"498640","medicus"
"498699","armamentarius"
"498726","curator"
"498726","curator"
"498813","codicarius"
"498882","scriba"
"498943","circitor"
"498948","circitor"
"498959","faber"
"498970","faber"
"498992","lapidarius"
"499013","frumentarius"
"499119","lapidarius"
"499136","annonarius"
"499437","nauclerus"
"499449","clavicularius"
"499449","cerarius"
"499449","pollio"
"499493","frumentarius"
"499494","mensor"
"499497","frumentarius"
"499499","frumentarius"
"499503","nauta"
"499577","artefex"
"499645","sagittarius"
"499722","circitor"
"499738","frumentarius"
"499751","medicus"
"499823","lapidarius"
"499832","curator"
"499865","vexillarius"
"499920","faber"
"499987","medicus"
"500027","opifex"
"500103","faber"
"500126","faber argentarius"
"500137","mensor"
"500149","vestiarius"
"500160","mensor"
"500216","centonarius"
"500226","faber"
"500263","faber"
"500306","statuarius"
"500419","navalis"
"500578","negotians"
"500784","cornicen"
"501229","frumentarius"
"501863","arcarius"
"501864","frumentarius"
"501912","curator"
"501912","curator"
"502142","venator"
"502143","venator"
"502213","faber"
"502274","faber"
"502416","negotiator"
"502503","arcarius"
"502546","frumentarius"
"502547","frumentarius"
"502584","subaedianus"
"502756","centonarius"
"502756","centonarius"
"503027","sagittarius"
"503052","librator"
"503093","salarius"
"503094","curator"
"503129","lanarius"
"503244","curator"
"503245","conditor"
"503256","curator"
"503259","curator"
"503259","curator"
"503261","aerarius"
"503266","nauta"
"503290","scaenicus"
"503304","curator"
"503355","dendrophorus"
"503379","curator"
"503386","curator"
"503406","scaenicus"
"503485","sagittarius"
"503486","medicus"
"503507","tabernarius"
"503510","scaenicus"
"504499","lanius"
"504869","curator"
"504922","aerarius"
"504926","possessor"
"504932","curator"
"504975","curator"
"505013","mensor"
"505014","pecuarius"
"505015","frumentarius"
"505036","anularius"
"505037","capsarius"
"505069","curator"
"505078","curator"
"505079","librator"
"505100","curator"
"505101","curator"
"505127","curator"
"505138","cerarius"
"505142","curator"
"505225","possessor"
"505272","vexillarius"
"505317","arcarius"
"505359","aedifex"
"505367","frumentarius"
"505381","structor"
"505415","curator"
"505477","curator"
"505509","scaenicus"
"505518","vestiarius"
"505523","medicus"
"505547","dendrophorus"
"505567","curator"
"505583","scaenicus"
"505584","scaenicus"
"505610","curator"
"505612","curator"
"505615","curator"
"505628","conditor"
"505629","curator"
"505635","scholasticus"
"505635","exceptor"
"505651","curator"
"505682","pantomimus"
"505691","possessor"
"505757","curator"
"505760","frumentarius"
"505892","faber"
"505922","sagittarius"
"505922","sagittarius"
"505936","sagittarius"
"506025","sagittarius"
"506025","sagittarius"
"506061","possessor"
"506192","curator"
"506197","capsarius"
"506197","medicus"
"506207","scaenicus"
"506217","mensor"
"506222","faber"
"506249","frumentarius"
"506267","clavicularius"
"506268","curator"
"506282","nummularius"
"506295","curator"
"506306","frumentarius"
"506318","medicus"
"506335","centonarius"
"506335","faber"
"506347","faber"
"506350","centonarius"
"506350","faber"
"506360","faber"
"506362","centonarius"
"506362","medicus"
"506461","pequarius"
"506463","negotians"
"506497","curator"
"506497","curator"
"506498","curator"
"506498","curator"
"506499","curator"
"506499","curator"
"506501","faber"
"506588","mulionus"
"506629","scriba"
"506630","scriba"
"506631","scriba"
"506632","scriba"
"506638","medicus"
"506644","curator"
"506679","faber"
"506725","medicus"
"506746","cornicen"
"506755","cornicen"
"506762","mensor"
"506784","centonarius"
"506784","vexillarius"
"506866","cornicen"
"506879","armamentarius"
"506946","cornicen"
"506951","centonarius"
"506960","centonarius"
"506960","faber"
"506969","lecticarius"
"506973","mensor"
"506982","centonarius"
"506982","faber"
"506983","centonarius"
"506983","faber"
"507014","centonarius"
"507014","faber"
"507030","medicus"
"507032","centonarius"
"507032","faber"
"507034","centonarius"
"507034","faber"
"507055","faber"
"507056","cornicen"
"507062","frumentarius"
"507097","dendrophorus"
"507102","centonarius"
"507120","structor"
"507173","centonarius"
"507536","vexillarius"
"507541","sagittarius"
"507541","sagittarius"
"507571","curator"
"507652","sagittarius"
"507660","sagittarius"
"507680","curator"
"507730","curator"
"507731","negotians"
"507741","curator"
"507742","sagittarius"
"507775","sagittarius"
"507777","sagittarius"
"507787","vexillarius"
"507787","capsarius"
"507800","curator"
"507813","curator"
"507831","curator"
"507840","vexillarius"
"507854","curator"
"507860","vexillarius"
"507869","sagittarius"
"507979","sagittarius"
"507991","sagittarius"
"508046","aerarius"
"508089","conditor"
"508095","vexillarius"
"508116","scriptor"
"508131","negotiator"
"508150","centonarius"
"508156","subaedianus"
"508184","sagittarius"
"508184","sagittarius"
"508185","sagittarius"
"508185","sagittarius"
"508304","armamentarius"
"508393","frumentarius"
"508475","agrimensor"
"508494","frumentarius"
"508497","frumentarius"
"508532","clavicularius"
"508532","clavicularius"
"508704","sagittarius"
"508705","sagittarius"
"508706","sagittarius"
"508719","capsarius"
"508727","sagittarius"
"508729","sagittarius"
"508729","vexillarius"
"508746","faber"
"508751","faber"
"508752","faber"
"508758","centonarius"
"508758","faber"
"508866","centonarius"
"508884","medicus"
"508892","centonarius"
"508892","faber"
"508909","scriptor"
"508914","scriba"
"508937","medicus"
"508956","faber"
"509014","cuparius"
"509217","faber"
"509266","artifex"
"509303","frumentarius"
"509304","faber"
"509505","scriba"
"509582","negotiator"
"509608","curator"
"509610","structor"
"509700","vexillarius"
"509721","vexillarius"
"509723","aerarius"
"509839","negotiator"
"509904","scriba"
"509917","curator"
"509934","sagittarius"
"509943","sagittarius"
"509953","sagittarius"
"509954","sagittarius"
"509954","vexillarius"
"509955","sagittarius"
"509957","sagittarius"
"509958","sagittarius"
"509960","sagittarius"
"509961","sagittarius"
"509986","artifex"
"509994","negotians"
"510118","centonarius"
"510118","centonarius"
"510119","negotians"
"510159","pequarius"
"510189","annonarius"
"510196","nauclerus"
"510199","centonarius"
"510234","arcarius"
"510246","curator"
"510307","sagittarius"
"510346","medicus"
"510360","clavicularius"
"510366","capsarius"
"510426","faber"
"510443","scriba"
"510461","curator"
"510496","vexillarius"
"510564","frumentarius"
"510703","curator"
"510719","frumentarius"
"510729","curator"
"510756","centonarius"
"510801","curator"
"510801","scriba"
"510844","sagittarius"
"510950","clavicularius"
"510951","clavicularius"
"510987","architectus"
"511006","pequarius"
"511013","speculariarius"
"511038","negotiator"
"511097","tubularius"
"511169","camararius"
"511186","capsarius"
"511211","medicus"
"511211","medicus"
"511221","medicus"
"511230","caligarius"
"511230","sutor"
"511356","negotians"
"511685","faber"
"511712","faber"
"511741","faber"
"511747","codicarius"
"511777","faber tignarius"
"511830","arcarius"
"511843","faber"
"511850","nummularius"
"511853","faber"
"511853","faber"
"511897","lanionus"
"511915","faber"
"512022","circitor"
"512063","negotiator"
"512130","sagittarius"
"512147","curator"
"512180","ferrarius"
"512202","scriba"
"512227","centonarius"
"512242","medicus"
"512244","dendrophorus"
"512274","exceptor"
"512286","pequarius"
"512430","negotiator"
"512487","centonarius"
"512488","curator"
"512488","curator"
"512516","candidator"
"512530","scriba"
"512547","vector"
"512555","scriba"
"512580","pictor"
"512608","navalis"
"512659","candidator"
"512678","centonarius"
"512678","faber"
"512682","faber centonarius"
"512752","faber"
"512780","faber"
"512791","faber centonarius"
"512837","negotiator"
"512889","circitor"
"512904","mensor"
"512927","sagittarius"
"512982","faber"
"513001","vexillarius"
"513026","vexillarius"
"513071","structor"
"513077","curator"
"513133","navigans"
"513144","curator"
"513164","scriba"
"513182","gladiator"
"513198","aerarius"
"513201","curator"
"513201","curator"
"513205","faber"
"513221","curator"
"513229","faber"
"513281","centonarius"
"513281","faber"
"513314","clibanarius"
"513410","sagittarius"
"513427","factor"
"513429","conditor"
"513429","curator"
"513622","sagittarius"
"513821","sagittarius"
"513821","sagittarius"
"513876","negotiator"
"513892","negotiator"
"513892","vestiarius"
"513900","negotiator artis purpurariae"
"513906","negotiator"
"513909","negotiator"
"513909","cretaria"
"513943","lanius"
"513962","negotiator"
"513994","vexillarius"
"514008","negotiator"
"514049","sagittarius"
"514211","molinarius"
"514380","sagittarius"
"514387","negotiator artis vestiariae"
"514405","vinariarius"
"514405","negotians"
"514410","sagittarius"
"514410","sagittarius"
"514429","vexillarius"
"514484","negotiator"
"514490","pollio"
"514500","medicus"
"514518","medicus"
"514666","curator"
"514673","curator"
"514678","curator"
"514702","negotiator"
"514723","aerarius"
"514755","medicus"
"514758","ballistarius"
"514763","cerarius"
"514796","officinator"
"514824","fossor"
"514826","fossor"
"514855","margaritarius"
"514873","artifex"
"514875","curator"
"514882","figulus"
"514899","pistor"
"514900","vestificus"
"514908","porcinarius"
"514918","fossor"
"514931","scriba"
"514939","tector"
"514944","faber argentarius"
"514955","glutinarius"
"514965","archimagirus"
"514965","cocus"
"514966","cocus"
"514979","fossor"
"514980","artifex"
"514980","faber"
"514987","opifex"
"514990","mulionus"
"514994","scriptor"
"514999","confector"
"515000","curator"
"515080","negotiator materiarius"
"515090","curator"
"515117","caelator"
"515128","lanipendia"
"515162","aurifex"
"515190","vestiarius"
"515330","scriba"
"515341","scriba"
"515353","scriba"
"515455","curator"
"515489","curator"
"515505","diffusor"
"515505","olearius"
"515630","fossor"
"515817","negotians"
"515824","frumentarius"
"515826","fossor"
"515837","capsarius"
"515852","sarcinatrix"
"515852","sutor"
"515858","sarcinatrix"
"515881","aerarius"
"515889","medicus"
"515945","architectus"
"515982","lecticarius"
"516003","curator"
"516045","frumentarius"
"516046","frumentarius"
"516047","eborarius"
"516064","frumentarius"
"516104","frumentarius"
"516134","coactor"
"516139","plumbarius"
"516144","archimagirus"
"516169","mimus"
"516171","lanarius"
"516187","scriptor"
"516189","architectus"
"516192","aurificus"
"516194","scriba"
"516197","cocus"
"516203","lintiarius"
"516217","unctor"
"516217","unctor"
"516238","tonsor"
"516258","faber"
"516258","faber"
"516260","curator"
"516268","circitor"
"516287","coactor"
"516287","coactor"
"516289","eborarius"
"516290","lanius"
"516324","argentarius"
"516340","frumentarius"
"516341","ocularius"
"516341","medicus"
"516342","tibicinus"
"516344","redemptor"
"516345","dissignator"
"516348","aurifex"
"516351","olearius"
"516352","aurufex"
"516364","fontanus"
"516364","fullo"
"516374","aerarius"
"516374","aerarius"
"516385","aerarius"
"516385","curator"
"516389","aerarius"
"516389","aerarius"
"516389","curator"
"516389","curator"
"516392","curator"
"516395","suarius"
"516402","scriba"
"516403","scriba"
"516403","scriba"
"516404","scriba"
"516421","faber"
"516423","sagittarius"
"516425","sagittarius"
"516425","faber"
"516432","vestitor"
"516433","ornatrix"
"516434","unctor"
"516443","structor"
"516448","ornatrix"
"516453","ornatrix"
"516453","aurifex"
"516455","vestiarius"
"516462","vestiarius"
"516462","piscator"
"516462","curator"
"516462","curator"
"516462","medicus"
"516462","medicus"
"516462","ornator"
"516462","cocus"
"516462","sutor"
"516473","aerarius"
"516504","aerarius"
"516523","dendrophorus"
"516534","venator"
"516543","scriba"
"516544","vexillarius"
"516544","curator"
"516550","ornatrix"
"516552","pictor"
"516553","structor"
"516554","topiarius"
"516558","scaenicus"
"516560","conditor"
"516560","curator"
"516560","scriba"
"516560","faber"
"516561","lanius"
"516562","sagarius"
"516593","horrearius"
"516593","horrearius"
"516597","aerarius"
"516615","vinarius"
"516617","unguentarius"
"516619","officinator"
"516626","fictor"
"516631","frumentarius"
"516632","mensor"
"516633","curator"
"516633","curator"
"516637","curator"
"516645","curator"
"516645","curator"
"516647","aerarius"
"516658","curator"
"516659","aedifex"
"516662","aerarius"
"516673","scriba"
"516678","tabernarius"
"516680","curator"
"516682","curator"
"516687","curator"
"516687","curator"
"516688","scriba"
"516689","scriba"
"516690","scriba"
"516704","medicus"
"516714","opifex"
"516732","scutarius"
"516735","vexillarius"
"516740","medicus"
"516741","curator"
"516744","eborarius"
"516744","politor"
"516745","medicus"
"516746","argentarius"
"516767","caelator"
"516768","cunarius"
"516768","medicus"
"516769","scriba"
"516771","lecticarius"
"516772","mensor"
"516777","unctor"
"516778","argentarius"
"516781","aurufex"
"516782","aurificus"
"516782","aurificus"
"516783","aurifex"
"516784","centonarius"
"516790","horrearius"
"516794","medicus"
"516795","mercator"
"516796","negotians"
"516796","vinarius"
"516797","ornatrix"
"516797","tonsor"
"516799","pictor"
"516800","plumbarius"
"516803","tonsillaria"
"516838","factor"
"516846","negotians"
"516864","vestiarius"
"516865","ornatrix"
"516866","pistor"
"516879","faber tignarius"
"516879","scriba"
"516880","parasitus"
"516883","mensor"
"516893","faber tignarius"
"516909","medicus"
"517090","scriba"
"517129","curator"
"517130","curator"
"517209","pistor"
"517248","piscator"
"517248","urinator"
"517255","curator"
"517363","negotians"
"517384","curator"
"517392","curator"
"517448","curator"
"517482","curator"
"517483","curator"
"517484","curator"
"517485","curator"
"517486","curator"
"517487","curator"
"517488","curator"
"517495","curator"
"517500","curator"
"517501","aerarius"
"517521","curator"
"517521","curator"
"517521","curator"
"517521","curator"
"517527","architectus"
"517527","faber"
"517569","navalis"
"517688","curator"
"517691","curator"
"517695","curator"
"517698","curator"
"517707","curator"
"517719","curator"
"517725","scholasticus"
"517727","curator"
"517728","aerarius"
"517728","curator"
"517731","curator"
"517737","curator"
"517739","curator"
"517742","aerarius"
"517742","curator"
"517742","curator"
"517742","curator"
"517743","aerarius"
"517745","curator"
"517753","curator"
"517755","curator"
"517759","curator"
"517759","navalis"
"517761","curator"
"517764","curator"
"517765","curator"
"517778","aerarius"
"517779","curator"
"517786","curator"
"517791","curator"
"517796","curator"
"517797","curator"
"517806","curator"
"517809","curator"
"517813","curator"
"517813","curator"
"517815","curator"
"517818","curator"
"517821","curator"
"517822","curator"
"517823","curator"
"517825","curator"
"517829","curator"
"517832","curator"
"517837","curator"
"517843","curator"
"517843","curator"
"517843","curator"
"517844","curator"
"517844","curator"
"517847","curator"
"517849","curator"
"517850","curator"
"517850","curator"
"517850","curator"
"517851","curator"
"517854","curator"
"517856","curator"
"517859","curator"
"517859","curator"
"517859","curator"
"517862","curator"
"517878","curator"
"517879","negotiator"
"517884","curator"
"517885","curator"
"517886","curator"
"517887","curator"
"517888","curator"
"517888","curator"
"517889","curator"
"517908","curator"
"517921","scriba"
"517943","curator"
"517952","suarius"
"517953","tabernarius"
"517954","gallicarius"
"517954","tabernarius"
"517954","lupinarius"
"517954","monetarius"
"517954","vestifex"
"517954","olitor"
"517954","fullo"
"517955","tabernarius"
"517959","aerarius"
"518014","caudicarius"
"518014","piscator"
"518140","gallinarius"
"518162","aurufex"
"518197","scriba"
"518207","curator"
"518207","curator"
"518232","scholasticus"
"518233","curator"
"518258","redemptor"
"518262","faber tignarius"
"518319","cocus"
"518320","faber"
"518325","medicus"
"518326","ocularius"
"518326","medicus"
"518327","medicus"
"518328","medicus"
"518329","medicus"
"518330","ocularius"
"518330","medicus"
"518332","medicus"
"518333","ocularius"
"518333","medicus"
"518394","pernarius"
"518523","mulionus"
"518524","cocus"
"518533","candidator"
"518533","inaurator"
"518534","candidator"
"518542","frumentarius"
"518551","aerarius"
"518551","scriba"
"518551","poeta"
"518551","sutor"
"518561","scriba"
"518574","mulionus"
"518575","mulionus"
"518737","pantomimus"
"518784","pistor"
"518784","pistor"
"518794","aerarius"
"518820","medicus"
"518854","curator"
"518889","curator"
"518889","curator"
"518896","faber argentarius"
"518903","purpurarius"
"518909","materiarius"
"518920","vestitor"
"518931","scriba"
"518939","coronarius"
"518939","pictor"
"518941","structor"
"518963","pictor"
"518989","aerarius"
"519031","scriba"
"519041","olearius"
"519066","curator"
"519069","specularius"
"519070","aerarius"
"519070","aerarius"
"519071","aerarius"
"519162","artifex"
"519166","artifex"
"519187","curator"
"519198","gladiator"
"519199","gladiator"
"519200","curator"
"519201","dendrophorus"
"519227","faber"
"519251","faber"
"519293","medicus"
"519325","curator"
"519364","curator"
"519364","curator"
"519364","curator"
"519364","curator"
"519364","curator"
"519364","curator"
"519365","curator"
"519365","curator"
"519365","curator"
"519365","curator"
"519376","scaenicus"
"519383","ephippiarius"
"519388","pomarius"
"519437","copo"
"519438","curator"
"519438","curator"
"519440","faber"
"519447","curator"
"519449","faber"
"519461","curator"
"519461","curator"
"519462","aerarius"
"519462","aerarius"
"519462","curator"
"519478","faber"
"519484","curator"
"519561","curator"
"519575","nauclerus"
"519620","sutor"
"519651","faber"
"519660","curator"
"519666","curator"
"519687","aerarius"
"519697","aerarius"
"519699","curator"
"519699","curator"
"519705","faber"
"519708","faber"
"519721","statuarius"
"519721","scalptor"
"519740","scriba"
"519768","cocus"
"519770","aerarius"
"519772","lupinarius"
"519790","aerarius"
"519794","curator"
"519794","curator"
"519820","scriba"
"519840","curator"
"519915","arcarius"
"520014","curator"
"520144","curator"
"520150","curator"
"520153","medicus"
"520178","curator"
"520181","medicus"
"520311","faber"
"520315","vexillarius"
"520328","nummularius"
"520349","faber"
"520359","gladiarius"
"520369","navicularius"
"520369","navicularius"
"520369","navicularius"
"520487","frumentarius"
"520487","frumentarius"
"520500","cornicen"
"520501","cornicen"
"520505","salarius"
"520510","sagittarius"
"520524","sagittarius"
"520532","scaenicus"
"520537","sagittarius"
"520548","faber"
"520580","curator"
"520592","sagittarius"
"520593","sagittarius"
"520594","sagittarius"
"520595","sagittarius"
"520600","curator"
"520600","curator"
"520638","conditor"
"520645","faber"
"520720","curator"
"520758","sagittarius"
"520815","scutarius"
"520831","vexillarius"
"520849","vascularius"
"520849","faber"
"520850","faber"
"520869","circitor"
"520881","negotiator"
"520895","centonarius"
"520898","curator"
"520903","curator"
"520905","faber"
"520933","faber"
"520935","centonarius"
"520935","faber"
"520936","curator"
"520942","curator"
"520960","curator"
"520971","nauta"
"520972","curator"
"520974","curator"
"520975","faber"
"520977","curator"
"520988","nauta"
"520993","centonarius"
"520993","curator"
"521027","albarius"
"521049","faber"
"521051","medicus"
"521056","mercator"
"521096","sagarius"
"521171","architectus"
"521171","faber"
"521202","centonarius"
"521203","faber"
"521211","tonsor"
"521232","faber centonarius"
"521232","navicularius"
"521232","curator"
"521237","faber"
"521242","curator"
"521271","centonarius"
"521281","mulionus"
"521292","curator"
"521306","curator"
"521312","centonarius"
"521312","faber"
"521322","faber"
"521335","arcarius"
"521385","curator"
"521553","lanarius"
"521561","curator"
"521563","lotor"
"521571","abietarius"
"521572","vestiarius"
"521593","scriba"
"521617","curator"
"521618","faber"
"521620","unctor"
"521621","medicus"
"521624","curator"
"521634","centonarius"
"521635","centonarius"
"521635","faber"
"521642","argentarius"
"521642","coactor"
"521704","negotiator"
"521718","curator"
"521719","negotiator"
"521727","vestiarius"
"521730","emporus"
"521742","curator"
"521743","curator"
"521757","faber aciarius"
"521834","nauta"
"521845","carminator"
"521845","lanarius"
"521846","aerarius"
"521846","faber"
"521860","faber"
"521869","dendrophorus"
"521869","curator"
"521869","curator"
"521869","faber"
"521870","dendrophorus"
"521870","curator"
"521870","curator"
"521870","faber"
"521905","infector"
"521912","pectinarius"
"521950","centonarius"
"521950","faber"
"521975","centonarius"
"521975","curator"
"521975","faber"
"521975","faber"
"521984","frumentarius"
"522022","curator"
"522027","faber"
"522029","curator"
"522037","faber centonarius"
"522037","dendrophorus"
"522037","faber"
"522039","faber"
"522040","aerarius"
"522048","curator"
"522069","faber"
"522070","nauta"
"522115","aerarius"
"522117","curator"
"522117","faber"
"522151","aerarius"
"522160","aerarius"
"522160","curator"
"522160","faber"
"522167","curator"
"522173","faber"
"522182","navicularius"
"522184","faber"
"522184","faber"
"522191","faber"
"522252","dendrophorus"
"522253","curator"
"522253","faber"
"522255","curator"
"522284","iumentarius"
"522300","negotiator"
"522315","curator"
"522317","conditor"
"522318","conditor"
"522329","curator"
"522329","faber"
"522351","centonarius"
"522381","curator"
"522382","aerarius"
"522385","faber"
"522385","faber"
"522386","faber"
"522391","faber"
"522415","sarsor"
"522436","centonarius"
"522447","tinctor"
"522448","iumentarius"
"522450","plombarius"
"522458","curator"
"522475","curator"
"522495","architectus"
"522497","caelator"
"522500","faber"
"522501","vestiarius"
"522522","vitor"
"522529","centonarius"
"522534","centonarius"
"522534","aerarius"
"522602","ornatrix"
"522625","nauta"
"522653","mesor"
"522715","opifex"
"522717","medicus"
"522838","sarcinatrix"
"522838","sutor"
"522864","gladiator"
"522864","gladiator"
"522865","medicus"
"522888","curator"
"522900","curator"
"522948","intestinus"
"522955","aerarius"
"522955","salarius"
"522955","curator"
"522959","officinator"
"522982","ornator"
"523012","nauta"
"523084","olearius"
"523096","conditor"
"523153","frumentarius"
"523324","negotiator"
"523324","curator"
"523334","faber"
"523428","argentarius"
"523449","negotiator"
"523453","sagittarius"
"523454","sagittarius"
"523456","sagittarius"
"523462","lanius"
"523472","sagittarius"
"523473","sagittarius"
"523536","vexillarius"
"523539","vexillarius"
"523539","lignarius"
"523543","circitor"
"523577","cornicen"
"523731","dolabrarius"
"523877","copo"
"523903","faber"
"523909","sculptor"
"523938","cornicen"
"524323","negotiator"
"524323","cretarius"
"524337","copo"
"524352","architectus"
"524736","arcarius"
"524954","macellarius"
"524954","caupo"
"524979","anularius"
"525038","curator"
"525146","faber"
"525176","architectus"
"525358","curator"
"525502","curator"
"525615","vector"
"525866","sagittarius"
"411","curator"
"415","curator"
"415","faber"
"416","curator"
"690","mercator"
"859","cornicen"
"911","curator"
"1221","curator"
"1230","curator"
"1248","curator"
"1251","curator"
"1264","curator"
"1267","vexillarius"
"1268","curator"
"1268","scriba"
"1270","curator"
"1402","exceptor"
"1597","faber"
"1600","faber"
"1601","curator"
"1606","vestiarius"
"1654","lanarius"
"1655","ocularius"
"1655","medicus"
"1667","athleta"
"1917","figulus"
"1989","medicus"
"2118","negotians"
"2124","figulus"
"2267","centonarius"
"2270","carminator"
"2270","lanarius"
"2330","figulus"
"2331","centonarius"
"2385","scriptor"
"2391","scriptor"
"2423","architectus"
"2425","exceptor"
"2425","scriba"
"2592","faber"
"2593","architectus"
"2597","tabernarius"
"2664","medicus"
"2791","agricola"
"2814","faber"
"2984","centonarius"
"3127","curator"
"3127","curator"
"3154","harenarius"
"3154","negotians"
"3154","lanarius"
"3158","copo"
"3159","medicus"
"3160","vestiarius"
"3160","vestiarius"
"3161","vestiarius"
"3203","possessor"
"3413","vestiarius"
"3460","tonsor"
"3599","cornicen"
"3605","dendrophorus"
"3605","centonarius"
"3605","centonarius"
"3605","faber"
"3614","nummularius"
"3615","purpurarius"
"3616","retiarius"
"3617","tonsor"
"3677","possessor"
"3779","circitor"
"3809","sacomarius"
"3833","faber"
"3834","cornicen"
"3835","faber"
"3836","faber"
"3843","curator"
"3843","faber"
"3847","aerarius"
"3848","anularius"
"4045","scriptor"
"4050","dendrophorus"
"4050","centonarius"
"4067","aerarius"
"4068","possessor"
"4071","curator"
"4078","medicus"
"4079","coronarius"
"4103","faber"
"4106","scriba"
"4130","faber"
"4149","scriba"
"4153","scriba"
"4169","centonarius"
"4169","faber"
"4170","centonarius"
"4171","faber"
"4171","faber"
"4171","faber"
"4172","faber"
"4172","faber"
"4172","faber"
"4177","faber"
"4178","centonarius"
"4180","nauta"
"4181","faber navalis"
"4298","possessor"
"4298","medicus"
"4298","factor"
"4307","curator"
"4329","argentarius"
"4330","argentarius"
"4336","argentarius"
"4337","argentarius"
"4360","pistor"
"4364","horrearius"
"4376","argentarius"
"4552","faber"
"4564","centonarius"
"4595","negotiator"
"4740","marmorarius"
"4742","vestiarius"
"4747","faber"
"4748","centonarius"
"4748","faber"
"4927","negotians"
"4938","faber centonarius"
"4938","dendrophorus"
"4939","centonarius"
"4940","centonarius"
"4940","curator"
"4940","faber"
"4945","curator"
"4946","centonarius"
"4947","faber"
"4951","salinator"
"4952","salinator"
"4967","tignarius"
"4968","faber"
"4969","centonarius"
"4969","faber"
"4977","curator"
"4977","curator"
"4980","curator"
"4981","centonarius"
"4981","faber"
"5143","figulus"
"5351","figulus"
"5413","figulus"
"5414","figulus"
"5426","figulus"
"5548","redemptor"
"5558","dendrophorus"
"5558","curator"
"5558","faber"
"5619","argentarius"
"5619","argentarius"
"5634","curator"
"5727","curator"
"5770","aerarius"
"5773","faber"
"5774","faber"
"5776","faber"
"6084","curator"
"6121","faber"
"6126","molendarius"
"6128","molendarius"
"6128","laniarius"
"6130","faber"
"6132","faber"
"6144","structor"
"6146","structor"
"6147","faber"
"6210","frumentarius"
"6211","frumentarius"
"6485","curator"
"6642","curator"
"6652","holitor"
"6668","curator"
"6957","curator"
"7054","curator"
"7357","faber"
"7357","faber"
"7370","curator"
"7422","curator"
"7592","lucernarius"
"7642","vestiarius"
"7676","faber"
"7988","navicularius"
"8141","aedifex"
"8187","porcinarius"
"8285","curator"
"8288","curator"
"8381","curator"
"8428","curator"
"8428","curator"
"8486","curator"
"8544","curator"
"8578","curator"
"8589","curator"
"8604","curator"
"8605","conditor"
"8671","curator"
"8679","columnarius"
"8706","scaenicus"
"8708","scaenicus"
"8713","curator"
"8713","curator"
"8715","scaenicus"
"8726","curator"
"8734","curator"
"8781","scaenicus"
"8875","curator"
"8876","curator"
"8877","curator"
"9162","curator"
"9167","scaenicus"
"9167","curator"
"9266","scriba"
"9290","conditor"
"9318","ornator"
"9465","conditor"
"9471","curator"
"9472","curator"
"9477","sutor"
"9479","faber"
"9481","curator"
"9522","mensor"
"10134","sarcinatrix"
"10159","curator"
"10305","navicularius"
"10333","curator"
"10423","curator"
"10427","conditor"
"10489","curator"
"10541","mensor"
"10542","mensor"
"10543","agrimensor"
"10813","mensor"
"10814","mensor"
"10815","chorographus"
"10816","faber"
"10821","arcarius"
"10822","medicus"
"10823","medicus"
"10824","medicus"
"11293","exceptor"
"14027","lecticarius"
"14028","venator"
"14029","venator"
"14037","gladiator"
"14140","aerarius"
"14158","coriarius"
"14258","medicus"
"14259","mensor"
"14928","possessor"
"15550","venator"
"15550","venator"
"15577","medicus"
"15580","lavator"
"15589","nauta"
"15600","argentarius"
"17035","gladiator"
"17035","gladiator"
"17183","aerarius"
"17184","architectus"
"17188","scaenicus"
"17250","aurifex"
"17251","aurifex"
"17556","curator"
"17556","faber"
"17556","faber"
"17745","medicus"
"18290","structor"
"18357","curator"
"18898","curator"
"18900","curator"
"18901","curator"
"18902","scaenicus"
"18956","faber"
"18957","dendrophorus"
"18984","curator"
"18993","scaenicus"
"19042","scaenicus"
"19049","curator"
"19050","curator"
"19058","scaenicus"
"19061","medicus"
"19061","faber"
"19069","curator"
"19070","curator"
"19071","scaenicus"
"19072","scaenicus"
"19073","scaenicus"
"19100","scaenicus"
"19130","pictor"
"19803","curator"
"20659","curator"
"20660","curator"
"20729","curator"
"20764","curator"
"20812","curator"
"21029","scriba"
"21123","curator"
"21126","curator"
"21140","curator"
"21296","curator"
"21303","curator"
"21306","curator"
"21957","scaenicus"
"21961","curator"
"22106","curator"
"22372","curator"
"22582","curator"
"22666","curator"
"22669","curator"
"22706","curator"
"22709","curator"
"22711","curator"
"22712","curator"
"22713","curator"
"22715","curator"
"22732","curator"
"22751","curator"
"22754","curator"
"22758","curator"
"22760","curator"
"22770","curator"
"22782","curator"
"23004","curator"
"23049","curator"
"23533","albarius"
"23649","structor"
"23845","curator"
"24310","redemptor"
"24785","vexillarius"
"25243","arcarius"
"25329","conditor"
"25386","curator"
"25508","curator"
"25621","curator"
"25644","curator"
"25686","curator"
"25687","curator"
"25738","curator"
"25759","medicus"
"25864","scriptor"
"26102","curator"
"26499","curator"
"26760","curator"
"26783","artifex"
"27134","faber"
"27134","faber"
"27325","curator"
"27374","curator"
"27404","curator"
"27493","testarius"
"27585","curator"
"27589","artifex"
"27589","curator"
"27589","tector"
"27614","curator"
"27615","curator"
"28290","curator"
"28383","sagittarius"
"28407","conditor"
"28408","conditor"
"28415","conditor"
"28444","curator"
"28445","curator"
"28446","curator"
"28447","curator"
"28449","aerarius"
"28540","curator"
"28541","fullo"
"28986","scaenicus"
"29099","conditor"
"29099","conditor"
"29262","aerarius"
"29302","arcarius"
"29542","sutor"
"29600","transvectuarius"
"29600","navicularius"
"29600","curator"
"29600","curator"
"29601","transvectuarius"
"29601","navicularius"
"29624","medicus"
"29728","curator"
"29732","curator"
"29966","curator"
"29983","scaenicus"
"30077","curator"
"30195","curator"
"30276","curator"
"30277","curator"
"30288","curator"
"30382","scaenicus"
"30387","curator"
"30388","curator"
"30472","mensor"
"30521","curator"
"30599","scaenicus"
"30623","curator"
"30725","curator"
"30830","medicus"
"30918","medicus"
"31247","scaenicus"
"31263","curator"
"31264","curator"
"31329","curator"
"31329","curator"
"31503","decanus"
"32017","navicularius"
"32018","vestiarius"
"32057","navicularius"
"32057","arcarius"
"32358","curator"
"32359","curator"
"32373","curator"
"32377","artifex"
"32384","artifex"
"32643","vexillarius"
"32674","scaenicus"
"32674","aerarius"
"32676","faber"
"32691","armamentarius"
"32694","forensis"
"33175","curator"
"33415","curator"
"33416","curator"
"33419","curator"
"33431","conditor"
"33453","scaenicus"
"34072","frumentarius"
"34113","scaenicus"
"34213","scaenicus"
"34218","curator"
"34236","curator"
"34238","laquearius"
"34238","curator"
"34263","multiciarius"
"34303","gladiator"
"34331","curator"
"34398","centonarius"
"34398","subaedianus"
"34419","possessor"
"34529","curator"
"34532","curator"
"34533","curator"
"34535","scaenicus"
"34642","curator"
"34678","mimus"
"34706","scaenicus"
"34706","curator"
"34864","aerarius"
"34904","dendrophorus"
"34904","dendrophorus"
"34905","centonarius"
"35146","fullo"
"35192","arcarius"
"35198","curator"
"35235","curator"
"35327","faber"
"35340","faber"
"35352","horrearius"
"35368","curator"
"35376","factor"
"35383","parasitus"
"35389","curator"
"35389","curator"
"35390","curator"
"35391","curator"
"35393","curator"
"35400","sagittarius"
"35400","conditor"
"35400","conditor"
"35415","mensor"
"35417","faber"
"35420","curator"
"35421","medicus"
"35422","curator"
"35422","faber"
"35448","scriba"
"35448","faber"
"35450","faber"
"35459","faber"
"35465","poeta"
"35474","curator"
"35504","gladiator"
"35506","curator"
"35508","nummularius"
"35508","nummularius"
"35511","mercator"
"35512","pectenarius"
"35513","vestiarius"
"35514","mercator"
"35514","mercator"
"35515","medicus"
"35516","medicus"
"35517","carbonarius"
"35520","tibicinus"
"35520","artifex"
"35521","vascularius"
"35522","tector"
"35523","tector"
"35524","aerarius"
"35740","restio"
"35874","curator"
"35896","possessor"
"35927","curator"
"35929","curator"
"35950","curator"
"35950","curator"
"35950","curator"
"35984","possessor"
"36012","curator"
"36025","professor"
"36025","salarius"
"36025","salarius"
"36055","pantomimus"
"36156","marmorarius"
"36222","negotiator"
"36502","anularius"
"36635","copo"
"36644","topiarius"
"36699","gladiarius"
"36856","lanipendia"
"36871","lanarius"
"36902","pantomimus"
"36906","argentarius"
"36937","textor"
"37026","curator"
"37040","mercator"
"37231","frumentarius"
"37267","negotians"
"37268","negotiator"
"37519","architectus"
"37549","possessor"
"37696","faber"
"37699","medicus"
"37702","medicus"
"37909","faber"
"37916","cocus"
"37925","curator"
"37980","sagarius"
"38027","curator"
"38044","mensor"
"38049","lanarius"
"38050","medicus"
"38195","faber"
"38199","dendrophorus"
"38307","curator"
"38312","curator"
"38314","fabricator"
"38315","curator"
"38319","faber"
"38329","pecuarius"
"38337","curator"
"38346","curator"
"38346","curator"
"38349","navigans"
"38378","scriba"
"38538","copo"
"38586","possessor"
"38587","possessor"
"38604","arcarius"
"38634","medicus"
"38634","medicus"
"38645","dendrophorus"
"38798","aerarius"
"38812","faber"
"38814","capulator"
"38816","curator"
"38907","curator"
"38918","faber"
"38958","curator"
"38991","negotiator"
"38991","suarius"
"39051","possessor"
"39279","arcarius"
"39283","curator"
"39318","curator"
"39369","arcarius"
"39369","mensor"
"39391","curator"
"39600","faber"
"39619","figulus"
"40091","curator"
"40105","faber"
"40259","aerarius"
"40263","curator"
"40269","curator"
"40284","aquarius"
"40289","retiarius"
"40290","sagittarius"
"40290","essedarius"
"40290","retiarius"
"40290","scissor"
"40291","medicus"
"40293","negotiator"
"40294","medicus"
"40295","unguentarius"
"40355","dissignator"
"40556","faber"
"40589","lanius"
"40812","sintoniacus"
"40815","mercator"
"40815","suarius"
"40815","faber"
"40936","marmorarius"
"41275","marmorarius"
"41506","curator"
"41509","lanipendia"
"41574","vitriarius"
"41574","artifex"
"42194","medicus"
"42200","faber"
"42211","negotiator"
"42216","linarius"
"42217","medicus"
"42218","pictor"
"42219","negotiator"
"42219","scaenicus"
"42320","cuparius"
"43011","purpurarius"
"43026","curator"
"43029","lorarius"
"43180","soliarius"
"43252","acucularius"
"43253","negotiator artis vestiariae"
"46080","marmorarius"
"46406","negotiator"
"46473","vestiarius"
"48065","artifex"
"48356","nummularius"
"51522","vitriarius"
"51522","artifex"
"52091","essedarius"
"52199","lanio"
"52208","curator"
"52209","curator"
"52210","curator"
"52219","curator"
"52229","curator"
"52744","figulus"
"52757","figulus"
"52758","figulus"
"53102","vascularius"
"53511","faber tignarius"
"54122","mimus"
"54122","mimus"
"54380","cornicen"
"54765","faber tignarius"
"55023","venator"
"55418","lapidarius"
"55418","structor"
"55431","faber"
"55432","faber"
"55433","faber"
"55434","faber"
"55443","manupretiarius"
"55444","nummularius"
"55925","marmorarius"
"56288","curator"
"57597","aerarius"
"57621","vexillarius"
"58312","curator"
"58455","faber"
"58648","frumentarius"
"58648","frumentarius"
"58656","curator"
"58662","arcarius"
"58664","arcarius"
"58671","frumentarius"
"58679","arcarius"
"58713","redemptor"
"58754","faber"
"58755","arcarius"
"58756","acceptor"
"58763","frumentarius"
"58777","arcarius"
"58830","aerarius"
"58846","curator"
"58895","faber intestinarius"
"58895","auricaesor"
"58895","caligarius"
"58895","lapidarius"
"58895","operarius"
"58895","operarius"
"58895","lanarius"
"58895","structor"
"58895","artifex"
"58895","linteo"
"58895","sector"
"58895","fullo"
"59080","faber"
"59081","curator"
"59083","curator"
"59100","conditor"
"59101","conditor"
"59137","pistor"
"59217","curator"
"59223","conditor"
"59224","conditor"
"59279","faber intestinarius"
"59279","faber ferrarius"
"59279","faber tignarius"
"59279","calcis coctor"
"59279","carpentarius"
"59279","tessellarius"
"59279","marmorarius"
"59279","parietarius"
"59279","lapidarius"
"59279","operarius"
"59279","musarius"
"59279","naupegus"
"59279","structor"
"59279","pictor"
"59279","pictor"
"59279","pistor"
"59304","conditor"
"59337","pistor"
"59469","frumentarius"
"59499","faber"
"59512","curator"
"59595","faber"
"59626","figulus"
"59669","faber"
"59735","possessor"
"59914","scriba"
"59976","pollio"
"60270","marmorarius"
"60285","ornatrix"
"60777","medicus"
"60829","medicus"
"60830","medicus"
"61004","artifex"
"61046","agrimensor"
"61046","agrimensor"
"61046","agrimensor"
"61046","agrimensor"
"61046","agrimensor"
"61046","agrimensor"
"61046","agrimensor"
"61046","agrimensor"
"61185","faber"
"61189","ocularius"
"61189","medicus"
"61469","scriptor"
"61472","curator"
"61515","curator"
"61579","aerarius"
"61579","aerarius"
"61579","scriba"
"61579","scriba"
"61579","scriba"
"61579","scriba"
"61579","scriba"
"61748","gladiator"
"61899","aerarius"
"61899","aerarius"
"62018","candidator"
"62018","aerarius"
"62018","aerarius"
"62372","redemptor"
"62412","medicus"
"62595","athleta"
"62638","scaenicus"
"62660","curator"
"62660","curator"
"62746","scaenicus"
"62753","curator"
"62754","curator"
"62758","curator"
"62767","serrarius"
"62770","curator"
"62900","sagittarius"
"63144","salarius"
"63148","centonarius"
"63154","scriptor"
"63159","confector"
"63161","lyntrarius"
"63161","lyntrarius"
"63162","scapharius"
"63231","medicus"
"63264","curator"
"63284","harenarius"
"63564","pistor"
"63595","curator"
"63651","scaenicus"
"64259","sagittarius"
"64304","curator"
"65494","copo"
"65702","circitor"
"65705","vexillarius"
"65777","copo"
"65889","possessor"
"68982","cocus"
"70329","cocus"
"71627","curator"
"72559","circitor"
"72591","faber"
"72645","officinator"
"73008","loricarius"
"73008","loricarius"
"73134","copo"
"74015","medicus"
"74181","negotiator"
"74331","medicus"
"74332","curator"
"74567","gladiator"
"77015","negotiator vestiarius"
"77044","vestiarius"
"77153","holitor"
"77154","medicus"
"77156","nauta"
"77157","negotiator"
"77326","fictiliarius"
"77664","negotiator"
"77665","negotiator"
"77707","medicus"
"77729","vexillarius"
"78143","metator"
"78150","vestiarius"
"78798","copo"
"78803","copo"
"78912","seplasiarius"
"78912","negotiator"
"79021","medicus"
"79299","curator"
"79850","redemptor"
"80299","vitriarius"
"80299","artifex"
"80300","vitriarius"
"80300","artifex"
"80301","vitriarius"
"80301","artifex"
"80643","cellarius"
"80733","arcarius"
"80733","artifex"
"80997","macellarius"
"80997","caupo"
"81879","arenarius"
"85696","medicus"
"87322","argentarius"
"87445","architectus"
"87528","argentarius"
"87531","argentarius"
"87580","argentarius"
"87673","argentarius"
"87674","argentarius"
"87883","argentarius"
"87884","argentarius"
"87909","faber"
"89841","argentarius"
"90432","structor"
"90432","structor"
"90432","tector"
"90432","sutor"
"90434","faber"
"90434","faber"
"90434","faber"
"90434","faber"
"90443","curator"
"90496","vexillarius"
"90545","curator"
"90582","scriba"
"90586","vexillarius"
"90587","cervesarius"
"90587","cornicen"
"90588","vector"
"90589","scutarius"
"90590","carrarius"
"90643","annonarius"
"90688","carrarius"
"90810","faber"
"90890","seplasiarius"
"90899","panarius"
"90953","argentarius"
"90953","aurifex"
"90964","scriba"
"90967","vexillarius"
"90967","scriba"
"91012","scriba"
"91048","scriba"
"91129","scriba"
"91130","faber"
"91186","curator"
"91187","curator"
"91313","argentarius"
"92991","cellarius"
"93069","argentarius"
"93692","vexillarius"
"93706","argentarius"
"93707","argentarius"
"93708","argentarius"
"93709","argentarius"
"93832","argentarius"
"94201","conditor"
"94331","gladiator"
"94824","figulus"
"96624","negotiator"
"96631","cuparius"
"96635","scriba"
"96941","argentarius"
"97469","argentarius"
"97471","argentarius"
"97472","argentarius"
"98188","argentarius"
"98410","sagittarius"
"98410","sagittarius"
"98501","argentarius"
"99075","argentarius"
"99076","argentarius"
"100053","faber"
"100054","curator"
"100057","negotians"
"100057","curator"
"100059","curator"
"100059","curator"
"100150","pincerna"
"100153","tector"
"100153","faber"
"100160","arcarius"
"100165","curator"
"100165","faber"
"100168","curator"
"100188","dendrophorus"
"100224","medicus"
"100239","scriba"
"100274","curator"
"100278","arcarius"
"100279","mercator"
"100290","pistor"
"100298","gladiator"
"100298","curator"
"100298","faber"
"100303","curator"
"100418","curator"
"100667","dendrophorus"
"100667","curator"
"100667","faber"
"100669","curator"
"100729","curator"
"100744","curator"
"100744","curator"
"100803","architectus"
"100829","dendrophorus"
"101328","gladiator"
"101328","aerarius"
"101328","aerarius"
"101328","aerarius"
"101328","aerarius"
"101328","scriba"
"101392","curator"
"101401","scriba"
"101404","asinarius"
"101404","mulionus"
"101841","pantomimus"
"101985","faber"
"102110","figulus"
"102141","faber"
"102263","sagittarius"
"102264","sagittarius"
"102330","arcarius"
"102442","medicus"
"102678","mensor"
"102749","barbaricarius"
"102749","barbaricarius"
"102749","sericarius"
"102749","sericarius"
"102749","plumarius"
"102749","plumarius"
"102749","lanarius"
"102749","linteo"
"102749","fullo"
"102749","fullo"
"102842","vinarius"
"103025","faber"
"103044","faber"
"103614","arcarius"
"103616","arcarius"
"104151","vexillarius"
"104183","vexillarius"
"104183","vexillarius"
"104287","sagittarius"
"104288","sagittarius"
"104289","sagittarius"
"104290","sagittarius"
"104557","sagittarius"
"104562","sagittarius"
"104562","sagittarius"
"104623","sagittarius"
"105597","tegularius"
"106037","sagittarius"
"106251","aurarius"
"106376","faber"
"106383","mensor"
"108538","curator"
"108915","scriba"
"108915","faber"
"109198","curator"
"109398","faber"
"109404","curator"
"109404","curator"
"110597","figulus"
"110598","figulus"
"110708","figulus"
"110709","figulus"
"110710","figulus"
"110711","figulus"
"110712","figulus"
"110713","figulus"
"111167","cerdo"
"111197","faber"
"111230","scriba"
"111294","faber"
"111302","faber"
"111309","curator"
"111309","curator"
"111310","curator"
"111475","curator"
"111483","centonarius"
"111486","curator"
"111487","curator"
"111490","faber"
"111492","curator"
"111604","figulus"
"111729","aerarius"
"111756","dendrophorus"
"111843","curator"
"111845","faber"
"111848","scriptor"
"111856","rosarius"
"111856","aedifex"
"111894","aedifex"
"111898","faber tignarius"
"111902","custodiarius"
"111902","medicus"
"111904","architectus"
"111905","medicus"
"111907","negotiator"
"112062","curator"
"112310","frumentarius"
"112311","aurarius"
"112386","aerarius"
"112481","faber"
"112674","aerarius"
"112674","curator"
"112674","curator"
"112674","scriba"
"112676","faber"
"112678","scriba"
"112787","figulus"
"112891","medicus"
"112892","faber"
"112959","curator"
"112975","curator"
"112980","curator"
"112980","curator"
"112987","sagittarius"
"112988","centonarius"
"112990","faber"
"113006","argentarius"
"113007","architectus"
"113008","naupegus"
"113009","purpurarius"
"113646","figulus"
"113710","curator"
"113726","pinctor"
"113869","opifex"
"114105","faber"
"114107","scriba"
"114107","scriba"
"114107","faber"
"114110","sagittarius"
"114119","faber"
"114127","curator"
"114167","argentarius"
"114167","vinarius"
"114167","coactor"
"114291","pistor"
"114296","curator"
"114321","faber"
"114730","pistor"
"114735","faber"
"114831","faber"
"114833","dendrophorus"
"114916","figulus"
"114924","figulus"
"114925","figulus"
"114967","centonarius"
"114996","faber"
"114997","faber"
"115015","medicus"
"115016","negotians materiarius"
"115017","seplasiarius"
"115017","negotians"
"115017","institor"
"115186","figulus"
"115366","medicus"
"115590","curator"
"115590","curator"
"115601","aerarius"
"115602","scriba"
"115602","scriba"
"115602","scriba"
"115602","faber"
"115603","curator"
"115610","codicarius"
"115610","codicarius"
"115642","scriba"
"115642","scriba"
"115663","faber"
"115687","argentarius"
"115687","coactor"
"115688","argentarius"
"115688","aurarius"
"115689","pantomimus"
"115849","aerarius"
"115910","frumentarius"
"115910","frumentarius"
"115914","faber"
"115919","faber"
"115919","faber"
"115927","curator"
"115929","faber"
"115943","centonarius"
"115944","faber tignarius"
"115944","medicus"
"115944","medicus"
"115944","scriba"
"115945","dendrophorus"
"115951","horrearius"
"116071","medicus"
"116096","faber"
"116135","olearius"
"116226","candidator"
"116226","aerarius"
"116229","gladiator"
"116279","mercator"
"116314","curator"
"116315","centonarius"
"116315","faber"
"116369","faber"
"116373","lintio"
"116410","scriba"
"116430","curator"
"116763","centonarius"
"116763","curator"
"117367","marmorarius"
"117374","candidator"
"117374","scaenicus"
"117374","scriba"
"117387","faber tignarius"
"117387","faber navalis"
"117387","navalis"
"117387","faber"
"117389","vexillarius"
"117389","vexillarius"
"117395","curator"
"117399","faber navalis"
"117449","aerarius"
"117516","pistor"
"117566","cocus"
"117613","aurificus"
"117688","scaenarius"
"117701","curator"
"117756","curator"
"117865","curator"
"117869","curator"
"117870","curator"
"117937","sagittarius"
"117937","aquarius"
"117956","artifex"
"118019","curator"
"118020","curator"
"118021","scriba"
"118023","curator"
"118112","curator"
"118112","curator"
"118124","faber"
"118127","curator"
"118431","curator"
"118431","faber"
"118431","faber"
"118478","faber"
"118573","marmorarius"
"118574","salinator"
"118702","possessor"
"118705","medicus"
"118706","faber"
"118840","possessor"
"118866","mensor"
"119091","curator"
"119175","scriba"
"119221","scriba"
"119448","curator"
"119548","curator"
"119556","curator"
"119564","curator"
"119569","faber"
"119576","faber"
"119580","curator"
"119583","faber"
"119622","armamentarius"
"119645","faber"
"119646","faber"
"119652","gladiator"
"119672","arcarius"
"119684","curator"
"119692","armamentarius"
"119748","frumentarius"
"119748","coronarius"
"119748","aerarius"
"119748","aerarius"
"119748","aerarius"
"119748","athleta"
"119748","curator"
"119757","vexillarius"
"119959","centonarius"
"119960","scriba"
"119961","curator"
"120311","possessor"
"120312","possessor"
"120313","possessor"
"120314","pecuarius"
"120314","pecuarius"
"120368","possessor"
"120504","faber"
"120585","curator"
"120719","aerarius"
"120719","faber"
"120999","aerarius"
"121005","architectus"
"121006","utricularius"
"121100","curator"
"121575","vexillarius"
"122090","faber"
"122111","navicularius"
"122118","faber navalis"
"122118","utricularius"
"122118","centonarius"
"122122","navicularius"
"122131","diffusor"
"122142","scholasticus"
"122146","navicularius"
"122147","faber tignuarius"
"122147","tignarius"
"122147","artifex"
"122149","nauta"
"122150","faber tignuarius"
"122150","artifex"
"122151","architectus"
"122151","navalis"
"122153","medicus"
"122154","faber tignarius"
"122155","negotiator"
"122156","faber tignarius"
"122157","utricularius"
"122158","faber navalis"
"122158","curator"
"122159","utricularius"
"122159","nauta"
"122160","lapidarius"
"122161","utricularius"
"122162","pausarius"
"122164","faber"
"122165","scaenicus"
"122166","faber tignuarius"
"122378","scalptor"
"122378","poeta"
"122591","faber navalis"
"122591","artifex"
"122591","artifex"
"122591","navalis"
"122610","hortulanus"
"122646","navicularius"
"122813","faber"
"123094","centonarius"
"123113","arenarius"
"123113","venator"
"123157","faber"
"123679","faber"
"123860","faber"
"123946","utricularius"
"124107","argentarius"
"124109","argentarius"
"124244","dendrophorus"
"124258","aerarius"
"124594","curator"
"124599","macellarius"
"124603","argentarius"
"124835","aerarius"
"124963","plumbarius"
"124976","subaedianus"
"124976","nauclerus"
"124976","negotians"
"125587","salinator"
"125836","ratiarius"
"125838","faber"
"125843","faber"
"125844","aerarius"
"125844","faber"
"125849","aerarius"
"125851","aerarius"
"125854","curator"
"126116","figulus"
"126304","aerarius"
"126304","scriba"
"126315","aerarius"
"126398","faber"
"127765","curator"
"127790","dendrophorus"
"127790","centonarius"
"128185","medicus"
"128230","medicus"
"128235","architectus"
"128276","viridarius"
"128333","faber"
"128334","faber"
"128337","faber"
"128493","centonarius"
"128494","dendrophorus"
"128494","dendrophorus"
"128740","aerarius"
"128865","curator"
"128963","utricularius"
"129544","tonsor"
"129544","tonsor"
"129783","argentarius"
"129792","artifex"
"129866","utricularius"
"129908","faber"
"129913","curator"
"129913","curator"
"129913","faber"
"129921","faber"
"129922","faber"
"129940","aurifex"
"129942","faber subaedianus"
"129942","faber subaedianus"
"129942","curator"
"129942","faber"
"129947","navicularius"
"129950","faber"
"129955","navicularius"
"129970","vestiarius"
"130001","ampullarius"
"130002","anularius"
"130003","argentarius"
"130004","argentarius"
"130005","argentarius"
"130007","argentarius"
"130007","coactor"
"130008","argentarius"
"130009","armariarius"
"130010","aurifex"
"130011","aurificus"
"130012","capistrarius"
"130013","materiarius"
"130013","clavarius"
"130014","cocus"
"130015","copo"
"130016","culinarius"
"130019","faber aerarius"
"130020","faber argentarius"
"130021","faber limarius"
"130022","limarius"
"130023","faber tignarius"
"130024","figulus"
"130025","lanarius"
"130026","lanarius"
"130027","lanius"
"130029","lintiarius"
"130030","medicus"
"130031","medicus"
"130032","medicus"
"130033","medicus"
"130034","medicus"
"130035","mensor"
"130037","mercator"
"130038","navicularius"
"130039","navicularius"
"130040","navicularius"
"130041","negotiator"
"130042","nummularius"
"130044","olearius"
"130045","pellio"
"130047","candidarius"
"130047","pistor"
"130048","pistor"
"130051","salarius"
"130051","propola"
"130052","purpurarius"
"130053","purpurarius"
"130054","sagarius"
"130055","solearius"
"130056","structor"
"130058","tabernaclarius"
"130059","tonsor"
"130060","tonsor"
"130061","tonsor"
"130062","tonsor"
"130065","vestiarius"
"130066","vestiarius"
"130067","viminarius"
"130323","faber"
"130518","coriarius"
"130565","iumentarius"
"130716","faber"
"130908","artifex"
"130908","curator"
"131147","linarius"
"131148","lintio"
"131149","mercator"
"131150","navicularius"
"131151","mercator"
"131152","seplasiarius"
"131258","faber lapidarius"
"131307","utricularius"
"131308","utricularius"
"131393","claustrarius"
"131439","ornatrix"
"131448","marmorarius"
"131448","lapidarius"
"131535","faber tignarius"
"131536","aerarius"
"131538","curator"
"131538","curator"
"131540","curator"
"131543","faber"
"131551","aerarius"
"131554","faber"
"131567","vestiarius"
"131572","faber"
"131575","faber"
"131577","aerarius"
"131577","curator"
"131578","aerarius"
"131579","aerarius"
"131587","aerarius"
"131594","curator"
"131597","centonarius"
"131597","aerarius"
"131600","aerarius"
"131636","aerarius"
"131638","aerarius"
"131639","curator"
"131653","curator"
"131679","nauta"
"131680","nauta"
"131685","navicularius"
"131691","essedarius"
"131692","essedarius"
"131701","aerarius"
"131708","medicus"
"131712","copo"
"131713","sessoriarius"
"131714","pantomimus"
"131717","utricularius"
"131997","rosarius"
"132215","curator"
"132551","salinator"
"132691","vitriarius"
"132691","artifex"
"132729","aurificus"
"132791","utricularius"
"132827","aerarius"
"132829","aerarius"
"133007","faber ferrarius"
"134114","salinator"
"134562","utricularius"
"134566","curator"
"134571","utricularius"
"134641","faber"
"135016","curator"
"135039","scriba"
"135046","aerarius"
"135179","pollinctor"
"135179","unctor"
"135206","navicularius"
"135206","utricularius"
"135206","curator"
"135206","nauta"
"135264","utricularius"
"135264","curator"
"135264","curator"
"135264","nauta"
"135332","ratiarius"
"135357","aerarius"
"135357","scriba"
"135572","figulus"
"136143","curator"
"136143","curator"
"136143","nauta"
"136168","faber"
"136208","centonarius"
"136208","sagarius"
"136208","sagarius"
"136339","aerarius"
"136424","pantomimus"
"137169","architectus"
"137243","curator"
"137306","figulus"
"137363","aerarius"
"137688","figulus"
"137787","faber"
"137788","aerarius"
"137974","figularius"
"137980","nauta"
"138361","centonarius"
"138425","faber"
"138427","faber"
"138433","lapidarius"
"138433","opifex"
"138434","tessellarius"
"138435","faber"
"138436","utricularius"
"138732","utricularius"
"138924","figulus"
"139125","utricularius"
"139125","utricularius"
"139168","aerarius"
"139168","faber"
"139169","aerarius"
"139170","aerarius"
"139170","faber"
"139171","aerarius"
"139171","faber"
"139172","faber"
"139173","faber"
"139176","faber tignuarius"
"139176","aerarius"
"139177","dendrophorus"
"139191","negotiator vinarius"
"139192","aerarius"
"139192","faber"
"139196","aerarius"
"139202","faber"
"139206","dendrophorus"
"139216","sagarius"
"139218","sagarius"
"140479","negotiator"
"140489","medicus"
"140567","faber"
"140633","poeta"
"140636","mensor"
"141186","copo"
"141575","copo"
"141784","retiarius"
"142100","copo"
"143539","copo"
"143540","copo"
"143675","vitriarius"
"143675","artifex"
"143676","vitriarius"
"143676","artifex"
"145759","vexillarius"
"146223","aerarius"
"149222","vexillarius"
"149224","dolabrarius"
"149300","copo"
"149359","copo"
"151472","curator"
"151642","faber"
"152266","architectus"
"152266","lapidarius"
"152266","lapidarius"
"152697","sagittarius"
"152698","sagittarius"
"152701","lanius"
"152778","sagittarius"
"152804","sagittarius"
"152805","sagittarius"
"152929","vexillarius"
"152938","vexillarius"
"153454","ratiarius"
"153855","monetarius"
"154250","scriba"
"154833","negotiator"
"155374","cornicen"
"155407","cornicen"
"156135","cornicen"
"156152","faber"
"156155","faber"
"156172","negotiator"
"156363","manticularius"
"156363","negotiator"
"156363","curator"
"156368","negotiator"
"156382","argentarius"
"156999","tector"
"160422","medicus"
"160443","circitor"
"160450","hastifer"
"161356","vexillarius"
"161405","figulus"
"161480","circitor"
"161492","lignarius"
"162163","sagittarius"
"163125","curator"
"163237","vexillarius"
"163482","sculptor"
"164302","olearius"
"164698","anularius"
"164699","architectus"
"166036","vexillarius"
"166573","architectus"
"167301","tonsor"
"167530","aerarius"
"168192","curator"
"168192","curator"
"168897","lapidarius"
"168898","fullo"
"169306","scriba"
"169306","scriba"
"169531","tonsor"
"169613","curator"
"170483","susceptor"
"170519","erarius"
"170672","sutor"
"172596","architecton"
"173179","curator"
"173405","curator"
"173406","vexillarius"
"173464","faber"
"173510","plumbarius"
"174452","tignor"
"174452","faber"
"175088","navalis"
"175553","curator"
"175636","lapidarius"
"175849","pictor"
"176110","retiarius"
"176118","gladiator"
"176739","scaenicus"
"176740","gladiator"
"176758","medicus"
"176849","faber"
"176853","faber"
"176866","offector"
"177332","cellio"
"177830","decanus"
"177992","susceptor"
"178032","faber"
"178049","medicus"
"178062","venator"
"178839","pictor"
"178839","tector"
"178866","curator"
"178868","curator"
"178873","curator"
"178878","curator"
"178878","curator"
"178878","curator"
"178887","faber"
"178898","frumentarius"
"178902","frumentarius"
"178931","arcarius"
"178932","arcarius"
"178933","faber"
"178945","curator"
"178948","faber"
"178976","faber"
"178988","faber"
"179000","faber"
"179047","faber"
"179048","negotians"
"179049","centonarius"
"179159","aurifex"
"180142","figulus"
"180143","figulus"
"180144","figulus"
"180145","figulus"
"180146","figulus"
"180439","curator"
"180443","frumentarius"
"180460","inaurator"
"180626","faber"
"181299","sacomarius"
"181739","curator"
"182253","faber"
"182788","frumentarius"
"183293","poeta"
"183316","scriba"
"183389","horrearius"
"183667","curator"
"183675","medicus"
"183753","scriba"
"183766","scriba"
"183784","plumbarius"
"183851","faber"
"183884","scaenicus"
"183884","scriba"
"184121","mensor"
"184122","mensor"
"184125","mensor"
"184140","faber"
"184161","scriba"
"184182","capulator"
"184186","curator"
"184191","gladiator"
"184191","gladiator"
"184191","scaenicus"
"184192","gladiator"
"184192","gladiator"
"184192","scaenicus"
"184193","curator"
"184193","faber"
"184194","curator"
"184194","curator"
"184205","medicus"
"184295","curator"
"184296","scriba"
"184327","negotiator"
"184369","caplator"
"184369","gerulus"
"184372","aerarius"
"184374","faber"
"184380","aerarius"
"184380","curator"
"184380","curator"
"184464","tegularius"
"184464","topiarius"
"184464","structor"
"184471","speculariarius"
"184471","speculariarius"
"184471","margaritarius"
"184471","pavimentarius"
"184471","glutinator"
"184471","glutinator"
"184471","lapidarius"
"184471","tegularius"
"184471","topiarius"
"184471","topiarius"
"184471","topiarius"
"184471","topiarius"
"184471","topiarius"
"184471","topiarius"
"184471","topiarius"
"184471","topiarius"
"184471","topiarius"
"184471","topiarius"
"184471","medicus"
"184471","medicus"
"184471","medicus"
"184471","politor"
"184471","politor"
"184471","lintio"
"184471","mensor"
"184471","pictor"
"184471","pictor"
"184471","tector"
"184471","tector"
"184471","tector"
"184484","tector"
"184485","frumentarius"
"184486","curator"
"184502","curator"
"184502","faber"
"184503","scriba"
"184504","curator"
"184524","arcarius"
"184525","nummularius"
"184525","subaedianus"
"184532","aerarius"
"184652","horrearius"
"184655","structor"
"184675","faber"
"184689","medicus"
"184728","curator"
"184728","faber"
"184728","faber"
"184729","curator"
"184729","faber"
"184729","faber"
"184733","curator"
"184733","curator"
"184734","faber"
"184737","faber"
"184740","faber"
"184751","aeneator"
"184755","curator"
"184765","dissignator"
"185026","arcarius"
"185026","curator"
"185026","curator"
"185026","lotorus"
"185040","curator"
"185093","negotiator"
"185122","curator"
"185122","curator"
"185125","dendrophorus"
"185135","lanarius"
"185154","aerarius"
"185154","curator"
"185183","curator"
"185183","curator"
"185194","faber"
"185196","pecuarius"
"185288","faber"
"185289","faber"
"185350","sector"
"185382","aurificus"
"185432","curator"
"185449","curator"
"185469","dissignator"
"185482","curator"
"185626","possessor"
"185762","curator"
"185776","curator"
"185779","architectus"
"185780","curator"
"185782","curator"
"185832","curator"
"185863","centonarius"
"185863","curator"
"185863","curator"
"185876","scriba"
"185892","gisiarius"
"185964","aerarius"
"185990","sector"
"185997","speculariarius"
"186068","curator"
"186180","mercator"
"186183","lintio"
"186184","vestiarius"
"186184","pistor"
"186185","gladiarius"
"186185","lanius"
"186185","faber"
"186186","cocus"
"186187","faber"
"186195","faber"
"186209","navigator"
"186226","redemptor"
"186236","faber"
"186250","curator"
"186260","curator"
"186268","faber"
"186278","argentarius"
"186307","scriba"
"186309","faber"
"186333","curator"
"186335","arcarius"
"186335","arcarius"
"186337","arcarius"
"186339","arcarius"
"186344","negotians"
"186351","pomarius"
"186352","faber intestinarius"
"186354","vestiarius"
"186355","vestiarius"
"186357","medicus"
"186358","vestiarius"
"186360","materiarius"
"186363","unguentarius"
"186365","lanternarius"
"186366","scutarius"
"186368","purpurarius"
"186369","unguentarius"
"186371","aurificus"
"186372","nummularius"
"186373","aurificus"
"186374","unguentarius"
"186376","sandaliarius"
"186377","unguentarius"
"186380","gladiarius"
"186381","cultrarius"
"186381","cultrarius"
"186382","plostrarius"
"186403","porcinarius"
"187064","vascularius"
"187097","scriba"
"187184","curator"
"187185","centonarius"
"187186","lanarius"
"187187","medicus"
"187251","centonarius"
"187262","scriptor"
"187270","vestiarius"
"187351","aerarius"
"187351","curator"
"187370","aeneator"
"187375","curator"
"187381","faber"
"187382","faber"
"187390","curator"
"187391","faber"
"187393","curator"
"187393","curator"
"187404","cocus"
"187541","curator"
"187542","curator"
"187544","caplator"
"187557","unguentarius"
"187562","architectus"
"187574","arcarius"
"187597","scriba"
"187600","candidarius"
"187600","pistor"
"187710","aerarius"
"187716","tegularius"
"187877","poeta"
"187877","poeta"
"187913","ocularius"
"187913","medicus"
"188059","mimus"
"188331","artifex"
"188440","negotiator sericarius"
"188440","tabernarius"
"188440","negotians"
"188441","scaenicus"
"188451","curator"
"188454","dendrophorus"
"188454","curator"
"188457","negotiator sericarius"
"188524","curator"
"188553","curator"
"188553","curator"
"188556","curator"
"188778","margaritarius"
"188779","iumentarius"
"188779","nummularius"
"188779","mercator"
"188779","vinarius"
"188779","medicus"
"188779","lanius"
"188780","pistor"
"188835","scaenicus"
"188921","argentarius"
"188995","dendrophorus"
"188995","dendrophorus"
"188996","dendrophorus"
"189000","curator"
"189003","redemptor"
"189067","pomarius"
"189105","scriba"
"189112","unguentarius"
"189178","plumbarius"
"189253","navicularius"
"189320","gladiator"
"189445","nummularius"
"189676","possessor"
"189676","possessor"
"189676","aerarius"
"189676","aerarius"
"189714","architectus"
"189717","architectus"
"189733","tector"
"189946","faber"
"189967","faber"
"189973","pecuarius"
"189975","faber"
"189976","faber"
"190052","scriba"
"190140","horrearius"
"190149","frumentarius"
"190152","curator"
"190163","medicus"
"190179","retiarius"
"190269","stuppator"
"190277","dominus navium"
"190279","saburrarius"
"190284","frumentarius"
"190284","curator"
"190297","faber navalis"
"190297","faber navalis"
"190297","aerarius"
"190297","curator"
"190298","navicularius"
"190298","codicarius"
"190298","navigans"
"190317","faber navalis"
"190321","faber tignuarius"
"190321","aerarius"
"190321","faber"
"190324","scriba"
"190325","curator"
"190325","navalis"
"190327","negotiator vinarius"
"190327","curator navium"
"190327","lenuncularius"
"190327","dendrophorus"
"190327","frumentarius"
"190327","navicularius"
"190327","argentarius"
"190327","sacomarius"
"190327","scapharius"
"190327","aerarius"
"190327","aerarius"
"190327","cerarius"
"190327","cisianus"
"190327","olearius"
"190327","piscator"
"190327","vinarius"
"190327","curator"
"190327","propola"
"190327","mensor"
"190327","scriba"
"190328","faber"
"190329","saburrarius"
"190330","faber navalis"
"190331","medicus"
"190362","aerarius"
"190415","aerarius"
"190494","aerarius"
"190495","aerarius"
"190548","plumbarius"
"190581","saccarius"
"190581","aerarius"
"190581","arcarius"
"190581","salarius"
"190583","frumentarius"
"190661","aerarius"
"190662","aerarius"
"190764","coactor"
"190799","frumentarius"
"190819","aerarius"
"190833","aerarius"
"190887","aerarius"
"190891","aerarius"
"191004","officinator"
"191087","pantomimus"
"191095","faber"
"191100","nauta"
"191101","nauta"
"191102","nauta"
"191188","argentarius"
"191214","mercator"
"191242","redemptor"
"191265","faber"
"191269","curator"
"191269","scriba"
"191270","frumentarius"
"191274","faber"
"191276","faber"
"191287","magnarius"
"191296","ocularius"
"191296","medicus"
"191297","coronarius"
"191298","architectus"
"191299","poeta"
"191362","scriptor"
"191399","curator"
"191452","scriba"
"191459","faber"
"191509","ocularius"
"191509","medicus"
"191684","scriba"
"191729","curator"
"191802","fictor"
"191816","curator"
"191819","parasitus"
"191828","aerarius"
"191851","frumentarius"
"191851","nummularius"
"191851","pistor"
"191870","scriba"
"191870","scriba"
"191941","curator"
"191942","curator"
"192128","aerarius"
"192293","nummularius"
"192315","curator"
"192316","curator"
"192335","arcarius"
"192403","redemptor"
"192419","curator"
"192420","scriba"
"192420","scriba"
"192424","pantomimus"
"192424","parasitus"
"192425","curator"
"192430","navalis"
"192432","gladiator"
"192434","curator"
"192449","pomarius"
"192481","negotiator"
"192525","aerarius"
"192645","curator"
"192657","arcarius"
"192657","arcarius"
"192657","curator"
"192658","arcarius"
"192680","lanarius"
"192822","parasitus"
"192822","scaenicus"
"192822","curator"
"192822","curator"
"192822","mimus"
"192823","curator"
"192823","faber"
"192824","curator"
"192824","curator"
"192827","arcarius"
"192845","purpurarius"
"192880","faber"
"192937","curator"
"192952","marmorarius"
"192990","scriba"
"192996","sagittarius"
"192996","curator"
"192996","faber"
"192999","vestiarius"
"193038","aerarius"
"193099","curator"
"193099","curator"
"193123","picarius"
"193128","picarius"
"193133","salinator"
"193133","picarius"
"193136","picarius"
"193138","salinator"
"193142","salinator"
"193176","aerarius"
"193176","curator"
"193176","curator"
"193176","curator"
"193181","gladiator"
"193182","curator"
"193363","curator"
"193363","propola"
"193363","propola"
"193363","scriba"
"193366","topiarius"
"193388","curator"
"193389","curator"
"193392","medicus"
"193466","possessor"
"193475","curator"
"193499","nauta"
"193511","scriba"
"193521","scriba"
"193523","architectus"
"193524","architectus"
"193546","caementarius"
"193550","faber"
"193551","faber"
"193552","faber"
"193553","faber"
"193554","faber"
"193555","faber"
"193556","faber"
"193557","faber"
"193558","faber"
"193559","faber"
"193574","medicus"
"193575","medicus"
"193576","medicus"
"193612","artifex"
"193614","scriba"
"193621","scriba"
"193622","scriba"
"193623","scriba"
"193624","scriba"
"193625","scriba"
"193626","scriba"
"193626","scriba"
"193793","curator"
"193812","scriba"
"193817","scriba"
"193849","curator"
"193850","curator"
"193850","curator"
"193850","curator"
"193850","curator"
"193851","curator"
"193852","curator"
"193852","curator"
"193852","curator"
"193852","curator"
"193853","curator"
"193854","curator"
"193856","curator"
"193882","faber"
"193883","scriba"
"193913","medicus"
"194000","curator"
"194047","arcarius"
"194084","redemptor"
"194099","curator"
"194099","curator"
"194102","scriba"
"194103","arcarius"
"194105","medicus"
"194159","scriba"
"195045","pausarius"
"195047","scriba"
"195416","unguentarius"
"195483","curator"
"195483","pistor"
"195525","parasitus"
"195703","curator"
"195771","curator"
"195776","curator"
"195776","curator"
"195779","faber"
"195783","curator"
"195783","faber"
"195791","faber"
"195799","centonarius"
"195801","poeta"
"195903","exceptor"
"195931","curator"
"195935","faber"
"196010","faber tignuarius"
"196032","curator"
"196032","curator"
"196039","ornatrix"
"196116","officinator"
"196141","negotiator"
"196308","figlinator"
"196406","figulus"
"196455","arcarius"
"196468","figulus"
"196578","faber tignarius"
"196583","faber tignarius"
"196592","vascularius"
"196594","faber tignarius"
"196596","curator"
"196596","curator"
"196598","cerarius"
"196598","scriba"
"196602","nauticarius"
"196602","acceptor"
"196602","mensor"
"196606","curator"
"196608","pellio"
"196610","curator"
"196611","cellarius"
"196614","mensor"
"196615","curator"
"196619","dendrophorus"
"196625","navigans"
"196625","navalis"
"196627","dendrophorus"
"196634","dendrophorus"
"196634","apparator"
"196646","dendrophorus"
"196648","dendrophorus"
"196650","dendrophorus"
"196651","aerarius"
"196665","aerarius"
"196667","dendrophorus"
"196670","faber tignarius"
"196671","navicularius"
"196671","codicarius"
"196672","dendrophorus"
"196689","codicarius"
"196702","negotiator"
"196703","frumentarius"
"196703","acceptor"
"196703","mensor"
"196705","faber tignuarius"
"196706","frumentarius"
"196706","mercator"
"196708","aerarius"
"196710","faber navalis"
"196711","curator"
"196711","faber"
"196712","frumentarius"
"196712","curator"
"196712","curator"
"196712","curator"
"196712","mensor"
"196712","scriba"
"196713","factor"
"196720","curator"
"196722","navicularius"
"196722","codicarius"
"196724","scriba"
"196727","curator"
"196767","lenuncularius"
"196768","lenuncularius"
"196769","lenuncularius"
"196771","lenuncularius"
"196771","curator"
"196772","arcarius"
"196772","arcarius"
"196773","stuppator"
"196774","curator"
"196774","curator"
"196790","pellio"
"196791","lignarius"
"196793","dendrophorus"
"196794","curator"
"196794","curator"
"196794","curator"
"196794","curator"
"196795","dendrophorus"
"196800","structor"
"196801","frumentarius"
"196801","nauticarius"
"196801","mensor"
"196807","faber tignuarius"
"196808","faber"
"196809","faber tignuarius"
"196810","aerarius"
"196813","curator"
"196817","frumentarius"
"196817","codicarius"
"196817","curator"
"196817","curator"
"196817","mensor"
"196822","faber tignuarius"
"196826","vinarius"
"196832","dendrophorus"
"196838","faber tignuarius"
"196848","lenuncularius"
"196853","faber tignuarius"
"196853","cerarius"
"196853","scriba"
"196858","lenuncularius"
"196858","navicularius"
"196859","scaenicus"
"196859","scriba"
"196864","faber"
"196865","curator"
"196868","curator navium"
"196868","frumentarius"
"196868","mensor"
"196869","curator navium"
"196869","dendrophorus"
"196869","mensor"
"196872","faber navalis"
"196874","faber tignuarius"
"196875","faber tignuarius"
"196876","faber navalis"
"196877","aerarius"
"196877","curator"
"196878","faber tignuarius"
"196878","faber tignuarius"
"196878","pistor"
"196878","scriba"
"196879","aerarius"
"196879","vinarius"
"196879","curator"
"196879","curator"
"196879","navalis"
"196899","curator"
"196900","negotiator"
"196908","argentarius"
"196918","faber tignuarius"
"196918","scriba"
"196919","faber tignuarius"
"196919","scriba"
"196921","curator"
"196924","marmorarius"
"196929","faber tignuarius"
"196929","negotians"
"196929","vinarius"
"196929","vinarius"
"196929","curator"
"196930","curator"
"196930","curator"
"196937","frumentarius"
"196937","mensor"
"196944","faber"
"196945","curator"
"196945","faber"
"196947","faber navalis"
"196957","curator"
"196964","argentarius"
"196964","coactor"
"196965","medicus"
"196967","purpurarius"
"197458","fontanus"
"197522","ollarius"
"197615","ollarius"
"197827","factor"
"198072","mensor"
"198304","curator"
"198351","frumentarius"
"198352","mensor"
"198354","curator navium"
"198354","dominus navium"
"198354","frumentarius"
"198354","aerarius"
"198354","mercator"
"198356","lenuncularius"
"198356","navigiarius"
"198356","codicarius"
"198357","aerarius"
"198378","scriba"
"198407","faber tignarius"
"198412","navicularius"
"198489","conditor"
"198494","lyntrarius"
"198549","frumentarius"
"198551","curator navium"
"198555","restio"
"198556","navalis"
"198559","curator"
"198560","curator"
"198604","frumentarius"
"198604","mensor"
"198610","frumentarius"
"198610","mensor"
"198611","pantomimus"
"198612","curator"
"198616","faber tignuarius"
"198628","faber tignuarius"
"198642","pistor"
"198643","aerarius"
"198643","faber"
"198644","pistor"
"198644","pistor"
"198650","curator"
"198651","curator"
"198665","curator"
"198666","curator"
"198669","medicus"
"198959","aerarius"
"199100","aerarius"
"199261","officinator"
"199380","lenuncularius"
"199380","curator"
"199386","scapharius"
"199386","scapharius"
"199392","negotians"
"199392","vinarius"
"199396","scriba"
"199397","curator"
"199399","faber tignuarius"
"199400","faber tignuarius"
"199400","curator"
"199400","curator"
"199400","scriba"
"199402","faber"
"199403","faber"
"199404","faber tignuarius"
"199405","faber tignuarius"
"201211","aerarius"
"201928","faber tignuarius"
"202027","frumentarius"
"202027","mensor"
"202376","vinarius"
"202378","negotians"
"202379","mensor"
"202381","curator"
"202392","faber"
"202405","curator"
"202427","pistor"
"202467","holitor"
"202481","stuppator"
"202489","frumentarius"
"202489","mensor"
"202492","aerarius"
"202493","scriba"
"202497","lenuncularius"
"202502","vinarius"
"202616","frumentarius"
"202618","curator"
"202635","mensor"
"202712","faber tignuarius"
"202961","pistor"
"202966","stuppator"
"203374","lenuncularius"
"203375","lenuncularius"
"203376","faber navalis"
"203386","faber tignarius"
"203546","fullo"
"203547","fullo"
"203616","arcarius"
"203617","aurifex"
"203619","coronarius"
"203621","faber aerarius"
"203622","fidicinus"
"203625","lecticarius"
"203627","faber ferrarius"
"203630","vitor"
"203658","nauta"
"203669","cellarius"
"203683","pecuarius"
"203683","mercator"
"203691","argentarius"
"203691","coactor"
"203724","curator"
"203727","curator"
"203727","curator"
"203727","sartor"
"203727","tector"
"203736","curator"
"203743","scriba"
"203744","curator"
"203745","curator"
"203761","faber"
"203762","faber"
"203772","curator"
"203772","curator"
"203772","curator"
"203775","aerarius"
"203777","pantomimus"
"203777","parasitus"
"203781","faber"
"203787","parasitus"
"203788","faber"
"203794","albarius"
"203802","faber tignuarius"
"203808","faber tignuarius"
"203810","curator"
"203814","gladiator"
"203814","curator"
"203814","curator"
"203815","gladiator"
"203820","faber"
"203829","medicus"
"203831","mensor"
"203833","argentarius"
"203834","unctrix"
"204140","aedifex"
"204246","curator"
"204247","curator"
"204248","curator"
"204443","officinator"
"204475","artifex"
"204553","aerarius"
"204576","lanius"
"204597","aerarius"
"204718","conditor"
"204719","faber tignuarius"
"204805","medicus"
"205273","dealbator"
"205292","gallinarius"
"205292","copo"
"205386","caupo"
"205423","gallinarius"
"205534","plostrarius"
"205534","lignarius"
"205539","agricola"
"205544","caupo"
"205547","saccarius"
"205552","coronarius"
"205587","caupo"
"205649","dissignator"
"205682","copo"
"205732","clibanarius"
"205765","aurifex"
"205799","tonsor"
"205809","sagarius"
"205827","dissignator"
"205881","caupo"
"205894","piscicapus"
"205939","offector"
"205962","pistor"
"206041","lignarius"
"206050","lignarius"
"206253","fornacator"
"206287","athleta"
"206289","gladiator"
"206290","athleta"
"206294","gladiator"
"206299","redemptor"
"206305","gladiator"
"206308","gladiator"
"206309","gladiator"
"206310","gladiator"
"206311","gladiator"
"206313","gladiator"
"206832","coctor"
"206942","libarius"
"206943","libarius"
"207017","copo"
"207088","scriptor"
"207407","unguentarius"
"207720","curator"
"207727","curator"
"207787","scriptor"
"207807","essedarius"
"207807","essedarius"
"207807","retiarius"
"208232","fullo"
"208437","vestiarius"
"208900","lupinarius"
"208954","fullo"
"208956","fullo"
"208980","copo"
"208990","scriptor"
"209139","aerarius"
"209317","gladiator"
"209318","athleta"
"209319","gladiator"
"209319","gladiator"
"209382","copo"
"209573","copo"
"209585","fullo"
"209591","fullo"
"209593","fullo"
"209769","essedarius"
"209770","essedarius"
"209829","retiarius"
"209829","medicus"
"209832","retiarius"
"209887","essedarius"
"209891","arcarius"
"210183","architectus"
"210221","architectus"
"210761","copo"
"210819","scaenicus"
"210825","mensor"
"210827","mensor"
"211913","copo"
"212026","coctor"
"212053","cocus"
"212311","faber"
"212349","scriba"
"212437","pomarius"
"212448","pistor"
"212725","sutor"
"212867","veterarius"
"213034","infector"
"213212","gladiator"
"213220","athleta"
"213221","lorarius"
"213223","gladiator"
"213223","gladiator"
"213224","athleta"
"213346","fullo"
"213555","textor"
"213586","fullo"
"214029","scriptor"
"214034","tonsor"
"214192","tonsor"
"214596","venator"
"214716","copo"
"215453","unguentarius"
"215490","gladiator"
"215499","gladiator"
"215501","athleta"
"215505","gladiator"
"215510","gladiator"
"215511","gladiator"
"215512","gladiator"
"215513","gladiator"
"215517","gladiator"
"215518","gladiator"
"215525","gladiator"
"215692","poeta"
"215815","agricola"
"215815","cretaria"
"215815","propola"
"215971","mimus"
"216286","pictor"
"216324","gladiator"
"216324","gladiator"
"216325","gladiator"
"216329","negotiator"
"216333","faber"
"216334","faber"
"216342","curator"
"216342","faber"
"216358","fullo"
"216390","architectus"
"216401","faber"
"216419","arcarius"
"216421","structor"
"216450","unguentarius"
"216517","faber"
"216618","cisiarius"
"216630","scriba"
"216631","pantomimus"
"216631","gladiator"
"216631","gladiator"
"216631","athleta"
"217085","figulus"
"217275","magnarius"
"217667","architectus"
"217688","scabillarius"
"217688","gladiator"
"217868","argentarius"
"217907","gladiator"
"218382","argentarius"
"218480","colorator"
"218562","nummularius"
"218571","topiarius"
"218610","medicus"
"218613","marmorarius"
"218613","redemptor"
"218627","curator"
"218628","curator"
"218633","curator"
"218634","curator"
"218635","possessor"
"218645","retiarius"
"218653","venator"
"218664","architectus"
"218686","scabillarius"
"218687","scabillarius"
"218691","scabillarius"
"218692","marmorarius"
"218735","faber"
"218760","pollio"
"218761","scriba"
"218768","glutinator"
"218769","plumbarius"
"218774","topiarius"
"218778","architectus"
"218783","vexillarius"
"218785","frumentarius"
"218792","aedifex"
"218794","curator"
"218794","curator"
"218795","dendrophorus"
"218795","dendrophorus"
"218802","mercator"
"218804","curator"
"218804","curator"
"218809","curator"
"218810","faber"
"218818","curator"
"218818","curator"
"218824","factor"
"218826","curator"
"218852","curator"
"218863","negotiator sagarius"
"218864","marmorarius"
"218906","argentarius"
"218907","coronarius"
"218912","faber intestinarius"
"218913","faber tignarius"
"218916","retiarius"
"218918","sacomarius"
"218918","sacomarius"
"218918","mensor"
"218918","mensor"
"218919","negotiator"
"218923","ornatrix"
"218929","ornatrix"
"218930","ornatrix"
"218933","paenularius"
"218934","pantomimus"
"218937","pictor"
"218939","purpurarius"
"218940","scriba"
"218940","scriba"
"218941","scriba"
"218942","scriba"
"218943","scriba"
"218944","scriba"
"218945","structor"
"218949","tonsor"
"219720","utricularius"
"220426","scriba"
"220429","curator"
"220431","curator"
"220437","negotiator vascularius"
"220437","argentarius"
"220455","pantomimus"
"220455","gladiator"
"220455","parasitus"
"220505","scriba"
"220505","scriba"
"220505","faber"
"220506","pantomimus"
"220506","gladiator"
"220506","parasitus"
"220507","curator"
"220512","figulus"
"220542","medicus"
"220588","medicus"
"220644","argentarius"
"220653","pomarius"
"220653","aedifex"
"220731","scriptor"
"220790","unguentarius"
"220849","curator"
"220861","curator"
"220862","curator"
"220863","curator"
"220864","curator"
"220866","curator"
"220875","curator"
"220910","armamentarius"
"220910","scriba"
"220928","dendrophorus"
"220928","curator"
"220945","curator"
"221005","scriba"
"221005","faber"
"221049","venator"
"221085","curator"
"221106","dendrophorus"
"221107","dendrophorus"
"221107","curator"
"221107","faber"
"221108","curator"
"221108","scriba"
"221112","mensor"
"221112","mensor"
"221135","scriba"
"221146","mercator"
"221146","vinarius"
"221159","salarius"
"221159","faber"
"221506","pistor"
"221512","colorator"
"221554","faber"
"221556","faber"
"221558","negotiator iuvencario"
"221631","redemptor"
"221657","curator"
"221691","curator"
"221691","curator"
"221691","curator"
"221696","scriba"
"221697","specularius"
"221770","architectus"
"221770","navalis"
"221771","coronarius"
"221854","curator"
"221873","dendrophorus"
"221873","dendrophorus"
"221912","medicus"
"221963","aerarius"
"221963","curator"
"221965","curator"
"221965","curator"
"221994","gladiator"
"222009","pantomimus"
"222044","medicus"
"222046","medicus"
"222099","vestiarius"
"222100","medicus"
"222164","curator"
"222209","faber"
"222217","gladiator"
"222217","faber"
"222225","topiarius"
"222230","pictor"
"222236","structor"
"222239","circitor"
"222291","factor"
"222386","mensor"
"222391","curator"
"222566","faber"
"222576","curator"
"222580","faber"
"222581","scriba"
"222594","architectus"
"222597","cisiarius"
"222706","sagarius"
"222707","unguentarius"
"222846","curator"
"222868","tibicinus"
"222870","margaritarius"
"222889","curator"
"222893","aerarius"
"222893","curator"
"222897","scriba"
"222910","curator"
"222919","frumentarius"
"222932","curator"
"222938","curator"
"222938","curator"
"222938","curator"
"222938","curator"
"222940","curator"
"222944","curator"
"222945","aerarius"
"222945","curator"
"222946","vexillarius"
"222946","curator"
"222947","navicularius"
"222951","aerarius"
"222951","curator"
"222953","curator"
"222954","curator"
"222959","aerarius"
"222961","curator"
"222964","faber"
"222965","curator"
"222965","scriba"
"222982","medicus"
"222984","faber"
"222984","faber"
"222986","scriba"
"222988","topiarius"
"222989","circitor"
"222989","circitor"
"222989","circitor"
"222989","circitor"
"222989","circitor"
"222989","circitor"
"222989","circitor"
"222989","circitor"
"222989","circitor"
"222989","circitor"
"222989","circitor"
"222989","circitor"
"222989","circitor"
"222989","circitor"
"222989","circitor"
"222989","circitor"
"222989","circitor"
"222989","circitor"
"222989","circitor"
"222989","circitor"
"222989","circitor"
"222989","circitor"
"222989","decanus"
"222989","decanus"
"222989","decanus"
"222989","decanus"
"222990","curator"
"223003","gladiator"
"223012","curator"
"223013","curator"
"223013","scriba"
"223013","faber"
"223014","curator"
"223016","capulator"
"223018","curator"
"223022","parasitus"
"223022","mimus"
"223028","curator"
"223029","curator"
"223038","scriba"
"223056","medicus"
"223057","siricarius"
"223058","siricarius"
"223059","mensor"
"223060","scriba"
"223265","frumentarius"
"223265","codicarius"
"223265","mercator"
"223265","pistor"
"223268","faber"
"223271","curator"
"223273","aerarius"
"223273","curator"
"223277","curator"
"223281","scriba"
"223286","pantomimus"
"223287","curator"
"223290","curator"
"223426","medicus"
"223561","unguentarius"
"223575","frumentarius"
"223575","gerulus"
"223631","curator"
"223631","curator"
"223685","curator"
"223691","faber"
"223702","curator"
"223704","curator"
"223716","aerarius"
"223741","faber tignarius"
"223741","faber"
"223747","curator"
"223750","curator"
"223763","medicus"
"223763","medicus"
"223766","margaritarius"
"223767","structor"
"223852","coactor"
"223913","figulus"
"224112","curator"
"224112","faber"
"224121","arcarius"
"224127","frumentarius"
"224127","frumentarius"
"224128","faber"
"224136","faber tignuarius"
"224143","agricola"
"224144","tector"
"224354","tonsor"
"224397","curator"
"224406","curator"
"224439","faber ferrarius"
"224439","dendrophorus"
"224441","dendrophorus"
"224441","faber"
"224465","faber"
"224471","faber"
"224472","possessor"
"224477","faber"
"224478","faber"
"224481","faber"
"224482","curator"
"224482","curator"
"224514","scriba"
"224524","tibicinus"
"224525","faber"
"224527","medicus"
"224747","tonstrix"
"224788","faber"
"224789","dendrophorus"
"224789","curator"
"224857","armamentarius"
"224857","architectus"
"224875","faber"
"224908","aerarius"
"224908","curator"
"224949","centonarius"
"224957","curator"
"224957","faber"
"224958","faber"
"224961","faber"
"225022","conditor"
"225137","faber"
"225139","aerarius"
"225149","faber"
"225149","faber"
"225150","sarcinator"
"225151","refector pectinarius"
"225172","faber"
"225195","marmorarius"
"225204","nauta"
"225320","faber"
"225357","piscator"
"225384","centonarius"
"225427","faber"
"225539","curator"
"225539","curator"
"225539","curator"
"225627","officinator"
"225629","seplasiarius"
"225629","curator"
"225678","aerarius"
"225678","curator"
"225679","faber"
"225680","centonarius"
"225695","centonarius"
"225789","faber centonarius"
"225789","dendrophorus"
"225791","purpurarius"
"225826","curator"
"225835","faber"
"225839","curator"
"225864","tonsor"
"225888","poeta"
"225908","faber"
"225913","scriba"
"226028","aerarius"
"226033","mensor"
"226034","faber"
"226035","faber"
"226038","faber"
"226039","faber"
"226041","materiarius"
"226042","vestiarius"
"226043","vestiarius"
"226081","negotiator"
"226279","poeta"
"226290","pistor"
"226373","curator"
"226373","curator"
"226374","centonarius"
"226400","curator"
"226408","aerarius"
"226408","curator"
"226408","curator"
"226408","curator"
"226432","fabriciensis"
"226481","aerarius"
"226481","curator"
"226514","centonarius"
"226514","centonarius"
"226514","curator"
"226514","faber"
"226514","faber"
"227323","conditor"
"227670","mensor"
"227974","aerarius"
"227997","medicus"
"227999","copo"
"228001","faber"
"228563","mensor"
"228689","lapidarius"
"229371","pictor"
"229406","officinator"
"229476","loricarius"
"229476","opifex"
"229566","officinator"
"229973","possessor"
"230312","aerarius"
"230312","aerarius"
"230523","fullo"
"230592","faber tignuarius"
"231040","medicus"
"231044","curator"
"231212","faber"
"231786","curator"
"231826","utricularius"
"233680","negotiator vinarius"
"233680","diffusor"
"233680","olearius"
"233794","aerarius"
"233796","arcarius"
"233796","nauta"
"233805","curator"
"233816","nauta"
"233823","nauta"
"233830","dendrophorus"
"233841","faber tignarius"
"233841","artifex"
"233841","tector"
"233857","dendrophorus"
"233858","dendrophorus"
"233860","apparator"
"233868","medicus"
"233884","clavicularius"
"233892","negotiator vinarius"
"233906","curator"
"233908","centonarius"
"233909","curator"
"233911","curator"
"233918","scriba"
"233923","aequator monetae"
"233930","librator"
"233936","medicus"
"234001","aerarius"
"234001","curator"
"234001","faber"
"234007","negotiator"
"234007","cretaria"
"234012","negotiator vinarius"
"234012","negotiator"
"234012","nauta"
"234019","curator"
"234019","curator"
"234019","nauta"
"234019","nauta"
"234019","nauta"
"234019","nauta"
"234019","nauta"
"234022","negotiator vinarius"
"234022","curator"
"234037","curator"
"234039","faber tignuarius"
"234042","navicularius"
"234048","argentarius"
"234048","vascularius"
"234048","negotiator"
"234054","negotiator vinarius"
"234054","negotiator vinarius"
"234054","utricularius"
"234054","navigans"
"234054","faber"
"234054","nauta"
"234060","utricularius"
"234060","navigans"
"234060","nauta"
"234061","dendrophorus"
"234061","centonarius"
"234061","curator"
"234061","curator"
"234062","negotiator"
"234063","argentarius"
"234065","faber tignarius"
"234065","negotiator"
"234065","navigans"
"234065","curator"
"234065","nauta"
"234066","curator"
"234066","tignor"
"234066","faber"
"234066","nauta"
"234071","negotiator frumentarius"
"234071","centonarius"
"234071","nauta"
"234077","cretaria"
"234077","faber"
"234078","utricularius"
"234078","annonarius"
"234082","tector"
"234084","utricularius"
"234085","nummularius"
"234092","nauta"
"234094","negotiator"
"234094","navigans"
"234094","curator"
"234094","nauta"
"234095","essedarius"
"234096","utricularius"
"234096","lintiarius"
"234097","negotiator"
"234098","opifex"
"234100","navigans"
"234100","nauta"
"234100","nauta"
"234100","nauta"
"234106","utricularius"
"234106","nauta"
"234110","curator"
"234114","negotiator artis macellariae"
"234116","curator"
"234116","nauta"
"234116","nauta"
"234116","nauta"
"234119","negotiator artis prossariae"
"234119","utricularius"
"234120","argentarius"
"234120","exclussor"
"234120","artifex"
"234121","negotiator"
"234123","dendrophorus"
"234125","nauta"
"234126","faber tignuarius"
"234126","negotiator"
"234127","negotiator"
"234130","negotiator vinarius"
"234130","cretaria"
"234132","negotiator artis ratiariae"
"234133","faber tignarius"
"234136","utricularius"
"234138","nauta"
"234518","conditor"
"235222","faber"
"235375","curator"
"235375","nauta"
"235459","nauta"
"235466","nauta"
"236238","curator"
"236492","tector"
"236559","vestiarius"
"236616","figulus"
"236748","aerarius"
"236749","vexillarius"
"237465","faber"
"237853","unguentarius"
"238363","aerarius"
"238364","curator"
"238372","copo"
"238975","conditor"
"240840","medicus"
"240853","vestiarius"
"240881","vestiarius"
"241023","lapidarius"
"241095","faber"
"241263","argentarius"
"241263","scaurarius"
"241263","scaurarius"
"241263","testarius"
"241263","testarius"
"241263","aerarius"
"241263","circitor"
"241263","circitor"
"241263","artifex"
"241263","artifex"
"241263","flator"
"241263","sutor"
"241263","sutor"
"241263","sutor"
"241263","sutor"
"241391","mensor"
"241403","piscator"
"241470","faber"
"241473","faber"
"241477","faber"
"243362","tector"
"243570","nauta"
"244134","medicus"
"244141","scaenicus"
"244146","frumentarius"
"244146","curator"
"244157","margaritarius"
"244159","nummularius"
"244160","retiarius"
"244427","faber"
"244570","faber"
"244734","faber"
"244737","faber"
"244814","cornicen"
"244949","medicus"
"245085","artifex"
"245113","medicus"
"246405","codicarius"
"246425","curator"
"247141","marmorarius"
"247533","medicus"
"247746","officinator"
"247933","curator"
"247935","faber"
"247939","curator"
"247951","curator"
"247973","curator"
"248196","scholasticus"
"248328","curator"
"248330","vexillarius"
"248412","curator"
"248415","curator"
"248472","curator"
"248473","curator"
"248478","scholasticus"
"248545","curator"
"248589","medicus"
"248634","faber"
"248717","structor"
"248981","curator"
"249169","argentarius"
"249185","curator"
"249214","argentarius"
"249217","mensor"
"249233","curator"
"249239","lanius"
"249272","scriba"
"249290","curator"
"249294","dendrophorus"
"249302","caupo"
"249321","structor"
"249324","lanius"
"249517","scaenicus"
"249560","sarcinator"
"249580","dendrophorus"
"249587","curator"
"249608","medicus"
"249610","unctor"
"249611","claustrarius"
"249612","claustrarius"
"249613","faber argentarius"
"249613","argentarius"
"249613","caelator"
"249615","aerarius"
"250300","officinator"
"250321","cocus"
"251372","lecticarius"
"251518","scaenicus"
"251560","curator"
"251560","pistor"
"251577","medicus"
"252037","vexillarius"
"252075","quadratarius"
"252076","quadratarius"
"252097","scriba"
"252097","scriba"
"252112","quadratarius"
"252154","quadratarius"
"252231","curator"
"252397","medicus"
"252639","medicus"
"252743","faber"
"252762","faber"
"253147","vestiarius"
"253611","statuarius"
"254414","circitor"
"255289","sagittarius"
"255289","sagittarius"
"255289","sagittarius"
"255289","sagittarius"
"255355","vascularius"
"255365","curator"
"255566","sagittarius"
"255566","sagittarius"
"255678","faber"
"255737","fullo"
"255821","negotiator"
"256115","calcariensis"
"256428","fullo"
"256634","sutor"
"256650","figulus"
"256676","sutor"
"256777","sagittarius"
"257321","sagittarius"
"258083","frumentarius"
"259857","dendrophorus"
"259857","curator"
"259858","dendrophorus"
"259858","curator"
"259861","scaenicus"
"259864","scaenicus"
"259865","scaenicus"
"259873","curator"
"259916","scaenicus"
"259941","curator"
"259941","curator"
"259941","curator"
"259941","curator"
"259953","aerarius"
"259953","curator"
"259972","faber"
"259994","scaenicus"
"259995","scaenicus"
"259996","scaenicus"
"259997","scaenicus"
"260019","scaenicus"
"260020","scaenicus"
"260021","scaenicus"
"260047","negotiator"
"260049","scaenicus"
"260051","scaenicus"
"260055","arenarius"
"260055","sartor"
"260914","scaenicus"
"260930","scaenicus"
"261117","conditor"
"261125","scaenicus"
"261155","vestiarius"
"261647","scriptor"
"261651","quadratarius"
"261906","sector"
"261926","offector"
"261927","sartor"
"262179","ornatrix"
"262179","ornatrix"
"262384","sagittarius"
"262613","curator"
"262905","curator"
"262907","arcarius"
"263787","curator"
"263838","curator"
"263888","curator"
"264015","medicus"
"264354","anularius"
"264357","anularius"
"264361","vexillarius"
"264361","vexillarius"
"264361","curator"
"264362","armamentarius"
"264362","curator"
"264364","armamentarius"
"264364","pecuarius"
"264364","pequarius"
"264364","cornicen"
"264400","pollio"
"264405","frumentarius"
"264405","arcarius"
"264431","curator"
"264456","faber"
"264490","curator"
"264527","pecuarius"
"264561","frumentarius"
"264563","pecuarius"
"264570","medicus"
"264586","architectus"
"264593","mensor"
"264594","mensor"
"264604","frumentarius"
"264609","medicus"
"264611","medicus"
"264635","cornicen"
"264671","librator"
"264672","mensor"
"264683","mensor"
"264688","medicus"
"264723","cerarius"
"264764","mensor"
"265014","arcarius"
"265029","nummularius"
"265949","polio"
"265949","polio"
"265950","pecuarius"
"265950","cornicen"
"265950","polio"
"265950","polio"
"265956","curator"
"266020","medicus"
"266030","curator"
"266310","sagittarius"
"266353","sagittarius"
"266753","curator"
"267626","curator"
"267629","curator"
"267629","curator"
"267755","curator"
"268068","curator"
"268069","curator"
"268270","exceptor"
"268310","curator"
"268359","curator"
"268836","curator"
"270072","scaenicus"
"270092","scaenicus"
"270094","faber"
"270096","scaenicus"
"270107","negotiator"
"270302","possessor"
"270575","curator"
"271386","curator"
"271604","curator"
"271605","curator"
"271606","curator"
"271635","curator"
"271636","curator"
"271636","curator"
"271653","curator"
"271691","scaenicus"
"271698","scaenicus"
"271702","conditor"
"271739","dendrophorus"
"271807","curator"
"271840","curator"
"271863","ferrarius"
"272000","curator"
"273518","sagittarius"
"273518","sagittarius"
"273710","sagittarius"
"273710","sagittarius"
"273733","pincerna"
"273748","fictor"
"273749","fictor"
"273826","sagittarius"
"274031","sagittarius"
"274031","sagittarius"
"274033","sagittarius"
"274291","fullo"
"274292","vascularius"
"274310","faber"
"274310","faber"
"274343","sagittarius"
"274343","sagittarius"
"274419","centonarius"
"274461","fullo"
"274466","curator"
"274470","sagittarius"
"274471","sagittarius"
"274472","sagittarius"
"274473","sagittarius"
"274474","sagittarius"
"274475","sagittarius"
"274495","sagittarius"
"275034","medicus"
"275035","frumentarius"
"275116","faber"
"275117","navicularius"
"275443","sagittarius"
"275866","sagittarius"
"275901","navalis"
"275901","navalis"
"275975","fullo"
"276126","sagittarius"
"276126","sagittarius"
"276354","sagittarius"
"276355","sagittarius"
"276356","sagittarius"
"276479","sagittarius"
"276483","sagittarius"
"276501","sagittarius"
"276560","sagittarius"
"276625","faber"
"276825","unguentarius"
"276974","dendrophorus"
"276974","centonarius"
"276975","scriba"
"276976","faber"
"276980","curator"
"276980","faber"
"276982","custodiarius"
"277200","arcarius"
"277231","curator"
"277231","curator"
"277233","scriba"
"277324","scriba"
"277497","negotiator"
"277646","possessor"
"277646","possessor"
"277658","possessor"
"277661","negotians"
"277661","pecuarius"
"277661","possessor"
"277662","dendrophorus"
"277662","faber"
"277664","faber"
"277668","faber"
"277673","faber"
"277673","faber"
"277673","fullo"
"277673","fullo"
"277675","faber"
"277685","dissignator"
"277685","dissignator"
"277686","medicus"
"277829","faber"
"277839","gypsarius"
"278088","conditor"
"278092","sagarius"
"278094","faber"
"278151","aerarius"
"278151","curator"
"278221","purpurarius"
"278255","exceptor"
"278258","faber"
"278259","curator"
"278259","faber"
"278260","curator"
"278262","faber"
"278263","centonarius"
"278266","centonarius"
"278270","centonarius"
"278272","faber"
"278274","faber"
"278280","gladiator"
"278281","gladiator"
"278283","curator"
"278284","scriba"
"278288","tignuarius"
"278288","faber"
"278367","pavimentarius"
"278446","faber"
"278450","argentarius"
"278689","sagittarius"
"278713","centonarius"
"278720","centonarius"
"278821","faber"
"278822","faber tignuarius"
"278865","aerarius"
"278865","faber"
"278868","scriba"
"278873","centonarius"
"278873","faber"
"278908","dissignator"
"278977","navalis"
"278977","scriba"
"279065","architectus"
"279066","faber"
"279099","faber"
"287372","vexillarius"
"287685","sagittarius"
"288305","sagittarius"
"288305","sagittarius"
"288579","sagittarius"
"288579","sagittarius"
"288588","officinator"
"288698","frumentarius"
"288823","purpurarius"
"288829","lignarius"
"288831","unguentarius"
"288832","vestiarius"
"288833","vestiarius"
"288911","faber tignarius"
"288962","curator"
"289032","frumentarius"
"289047","curator"
"289147","fossor"
"289251","fossor"
"289256","vexillarius"
"289336","medicus"
"289396","officinator"
"289398","officinator"
"289422","scaenicus"
"289508","curator"
"289512","curator"
"289691","curator"
"289737","frumentarius"
"289784","ornatrix"
"289955","negotiator"
"290091","frumentarius"
"290096","curator"
"290098","frumentarius"
"290099","frumentarius"
"290142","fossor"
"290236","mensor"
"290335","aerarius"
"290388","medicus"
"290619","conditor"
"290672","quasillaria"
"291253","argentarius"
"291253","coactor"
"291394","scriba"
"291547","redemptor"
"291595","conditor"
"291634","ocularius"
"291634","medicus"
"291656","faber tignarius"
"291656","faber tignarius"
"291656","scriba"
"291752","vexillarius"
"291839","caelator"
"291913","officinator"
"292020","ocularius"
"292020","medicus"
"292066","faber"
"292070","medicus"
"292074","medicus"
"292357","aerarius"
"292393","aerarius"
"292402","curator"
"292404","plumbarius"
"292404","scriba"
"293496","aerarius"
"293496","aerarius"
"293496","aerarius"
"293496","aerarius"
"293496","aerarius"
"293496","aerarius"
"293496","aerarius"
"293496","aerarius"
"293496","aerarius"
"293496","aerarius"
"293496","aerarius"
"293496","aerarius"
"293497","possessor"
"293497","possessor"
"293497","possessor"
"293497","possessor"
"293497","aerarius"
"293497","aerarius"
"293497","aedifex"
"293497","aedifex"
"293497","curator"
"293498","aerarius"
"293498","aerarius"
"293498","aerarius"
"293498","aerarius"
"293498","aerarius"
"293498","aerarius"
"293498","aerarius"
"293498","aerarius"
"293498","scriba"
"293961","faber"
"293964","unctor"
"293976","faber"
"293977","tonstrix"
"293977","scriba"
"293978","lanius"
"293984","scriba"
"293984","scriba"
"293985","lecticarius"
"293985","ornatrix"
"293988","scaenicus"
"293990","tonsor"
"294004","medicus"
"294016","arcarius"
"294019","flaturarius"
"294019","faber"
"294029","flaturarius"
"294050","automatarius"
"294064","margaritarius"
"294064","sarcinator"
"294064","sutor"
"294065","medicus"
"294067","medicus"
"294075","medicus"
"294129","medicus"
"294130","medicus"
"294132","mensor"
"294132","pistor"
"294152","exactor auri argenti et aeris"
"294153","officinator"
"294153","officinator"
"294154","malleator"
"294154","malleator"
"294154","suppostor"
"294154","suppostor"
"294154","signator"
"294158","cocus"
"294176","medicus"
"294192","machinarius"
"294192","mensor"
"294193","machinarius"
"294193","mensor"
"294198","aerarius"
"294202","brattiarius"
"294202","inaurator"
"294209","curator"
"294209","curator"
"294209","curator"
"294209","curator"
"294209","scriba"
"294209","scriba"
"294235","venator"
"294236","aquarius"
"294239","faber"
"294297","aurarius"
"294299","mensor"
"294300","curator"
"294303","curator"
"294313","medicus"
"294321","vexillarius"
"294321","vexillarius"
"294322","vexillarius"
"294322","horrearius"
"294326","curator"
"294327","vexillarius"
"294329","curator"
"294331","frumentarius"
"294331","frumentarius"
"294332","canalicularius"
"294333","frumentarius"
"294333","frumentarius"
"294336","horrearius"
"294341","tibicinus"
"294344","pavimentarius"
"294352","curator"
"294364","fontanus"
"294391","scriba"
"294393","officinator"
"294401","curator"
"294415","faber tignarius"
"294421","custodiarius"
"294426","aerarius"
"294426","curator"
"294426","curator"
"294432","horrearius"
"294433","sagarius"
"294433","curator"
"294440","argentarius"
"294440","pausarius"
"294449","curator"
"294449","gerulus"
"294452","argentarius"
"294456","negotiator"
"294472","aromatarius"
"294493","lecticarius"
"294493","candidator"
"294493","curator"
"294494","scriba"
"294509","frumentarius"
"294514","frumentarius"
"294530","structor"
"294541","curator"
"294551","curator"
"294555","curator"
"294613","poeta"
"294620","frumentarius"
"294627","aquarius"
"294663","horrearius"
"294681","redemptor"
"294691","vexillarius"
"294701","curator"
"294705","essedarius"
"294705","essedarius"
"294705","manicarius"
"294705","spatharius"
"294705","retiarius"
"294705","retiarius"
"294705","curator"
"294705","unctor"
"294708","frumentarius"
"294712","poeta"
"294713","poeta"
"294715","margaritarius"
"294715","dendrophorus"
"294716","curator"
"294750","arcarius"
"294754","horrearius"
"294773","ferrarius"
"294782","negotians"
"294782","vinarius"
"294876","negotiator frumentarius"
"294876","curator"
"294878","curator"
"294879","scaenicus"
"294907","unguentarius"
"294916","curator"
"294918","curator"
"294921","curator"
"294922","curator"
"294922","curator"
"294926","scriba"
"294950","mensor"
"294961","curator"
"294979","subrutor"
"294979","curator"
"294994","sagarius"
"295008","materiarius"
"295008","curator"
"295008","curator"
"295008","curator"
"295008","curator"
"295008","curator"
"295027","faber tignarius"
"295029","armamentarius"
"295029","scriba"
"295032","pistor"
"295037","curator"
"295041","curator"
"295043","mercator"
"295044","mercator"
"295045","mercator"
"295046","mercator"
"295049","aerarius"
"295054","scriba"
"295064","argentarius"
"295064","negotians"
"295064","boarius"
"295065","curator"
"295068","dendrophorus"
"295073","scriba"
"295079","armamentarius"
"295079","ballistarius"
"295079","ballistarius"
"295079","vexillarius"
"295079","vexillarius"
"295079","vexillarius"
"295079","vexillarius"
"295079","vexillarius"
"295079","vexillarius"
"295079","vexillarius"
"295079","vexillarius"
"295079","vexillarius"
"295079","vexillarius"
"295079","aquarius"
"295079","exceptor"
"295079","exceptor"
"295079","exceptor"
"295079","exceptor"
"295079","medicus"
"295080","medicus"
"295081","faber tignarius"
"295081","scriba"
"295084","frumentarius"
"295084","frumentarius"
"295084","scaenicus"
"295085","scaenicus"
"295085","scaenicus"
"295085","scaenicus"
"295086","vascularius"
"295086","negotians"
"295088","curator"
"295088","scriba"
"295092","dissignator"
"295092","fictor"
"295107","curator"
"295111","gerulus"
"295115","argentarius"
"295115","negotians"
"295115","exceptor"
"295122","canalicularius"
"295122","frumentarius"
"295126","solatarius"
"295126","magnarius"
"295126","corarius"
"295126","corarius"
"295127","solatarius"
"295127","magnarius"
"295127","corarius"
"295128","curator"
"295128","curator"
"295150","curator"
"295152","officinator"
"295157","salarius"
"295159","suarius"
"295194","conditor"
"295213","curator"
"295214","curator"
"295215","curator"
"295231","curator"
"295241","curator"
"295242","curator"
"295246","curator"
"295247","curator"
"295257","curator"
"295258","curator"
"295259","curator"
"295260","curator"
"295261","curator"
"295262","curator"
"295263","curator"
"295264","curator"
"295265","curator"
"295266","curator"
"295267","curator"
"295268","curator"
"295269","curator"
"295270","curator"
"295271","curator"
"295272","curator"
"295273","curator"
"295280","curator"
"295308","aerarius"
"295309","curator"
"295310","curator"
"295311","curator"
"295325","curator"
"295339","curator"
"295340","navalis"
"295346","curator"
"295346","curator"
"295346","curator"
"295346","curator"
"295367","curator"
"295370","aerarius"
"295378","confector"
"295382","curator"
"295386","faber"
"295395","curator"
"295395","curator"
"295421","conditor"
"295426","aerarius"
"295428","aerarius"
"295428","curator"
"295428","curator"
"295428","curator"
"295430","aerarius"
"295430","curator"
"295430","curator"
"295431","aerarius"
"295462","curator"
"295463","curator"
"295471","curator"
"295476","curator"
"295478","arcarius"
"295480","curator"
"295484","curator"
"295485","curator"
"295490","conditor"
"295495","curator"
"295496","arcarius"
"295498","curator"
"295498","curator"
"295498","curator"
"295498","curator"
"295499","aerarius"
"295499","curator"
"295501","curator"
"295502","curator"
"295506","aerarius"
"295506","curator"
"295506","curator"
"295509","curator"
"295512","curator"
"295513","curator"
"295513","curator"
"295522","aerarius"
"295534","tignor"
"295555","curator"
"295555","scriba"
"295563","frumentarius"
"295563","mercator"
"295563","olearius"
"295568","negotiator olearius"
"295568","curator"
"295574","curator"
"295576","frumentarius"
"295582","codicarius"
"295582","stuppator"
"295602","conditor"
"295613","faber tignuarius"
"295613","curator"
"295613","curator"
"295618","conditor"
"295618","ornator"
"295621","corarius"
"295621","corarius"
"295625","curator"
"295630","pistor"
"295631","suarius"
"295633","magnarius"
"295633","magnarius"
"295645","poeta"
"295646","molendinarius"
"295646","molendinarius"
"295660","curator"
"295675","pistor"
"295676","navicularius"
"295677","susceptor"
"295680","salsarius"
"295680","conditor"
"295681","conditor"
"295682","conditor"
"295683","conditor"
"295684","conditor"
"295685","conditor"
"295686","conditor"
"295687","conditor"
"295688","conditor"
"295689","conditor"
"295690","conditor"
"295691","conditor"
"295692","conditor"
"295705","caudicarius"
"295709","ornator"
"295712","pecuarius"
"295712","lanius"
"295712","scriba"
"295713","possessor"
"295713","vinarius"
"295713","suarius"
"295713","suarius"
"295713","scriba"
"295724","possessor"
"295725","falancarius"
"295725","possessor"
"295950","scriba"
"295951","scriba"
"295952","scriba"
"295953","scriba"
"295954","scriba"
"295955","scriba"
"295955","scriba"
"295956","scriba"
"295956","scriba"
"295956","scriba"
"295957","scriba"
"295958","scriba"
"295958","scriba"
"295958","scriba"
"295959","scriba"
"295960","scriba"
"295961","scriba"
"295962","scriba"
"295963","aerarius"
"295963","scriba"
"295963","scriba"
"295963","scriba"
"295964","aerarius"
"295964","scriba"
"295965","scriba"
"295965","faber"
"295966","vascularius"
"295966","scriba"
"295966","scriba"
"295967","aerarius"
"295967","scriba"
"295968","curator"
"295968","scriba"
"295969","scriba"
"295970","scriba"
"295970","scriba"
"295970","scriba"
"295970","scriba"
"295971","scriba"
"295972","scriba"
"295973","scriba"
"295974","scriba"
"295976","scriba"
"295977","aerarius"
"295977","scriba"
"295978","scriba"
"295979","scriba"
"295980","scriba"
"295981","scriba"
"295982","aerarius"
"295982","scriba"
"295983","scriba"
"295984","scriba"
"295984","scriba"
"295984","faber"
"295985","curator"
"295985","scriba"
"295986","scriba"
"295987","scriba"
"295988","scriba"
"295988","faber"
"295989","scriba"
"295990","scriba"
"295991","scriba"
"295992","scriba"
"295993","scriba"
"295993","scriba"
"295994","scriba"
"295995","scriba"
"295995","scriba"
"295996","scriba"
"295996","scriba"
"295996","scriba"
"295997","scriba"
"295998","scriba"
"295999","curator"
"295999","scriba"
"296000","scriba"
"296001","scriba"
"296003","scriba"
"296004","argentarius"
"296004","coactor"
"296004","scriba"
"296005","coactor"
"296006","scriba"
"296007","scriba"
"296008","scriba"
"296009","scriba"
"296010","scriba"
"296011","scriba"
"296012","scriba"
"296013","scriba"
"296014","scriba"
"296015","scriba"
"296020","piscator"
"296020","piscator"
"296020","urinator"
"296020","urinator"
"296020","curator"
"296032","diffusor"
"296032","olearius"
"296039","faber ferrarius"
"296070","argentarius"
"296070","coactor"
"296072","margaritarius"
"296072","dendrophorus"
"296072","aerarius"
"296073","vestiarius"
"296076","aerarius"
"296077","aerarius"
"296077","aerarius"
"296078","aerarius"
"296079","aerarius"
"296080","aerarius"
"296084","mercator"
"296085","coactor"
"296086","gerulus"
"296101","cassidarius"
"296101","gladiarius"
"296107","redemptor"
"296107","redemptor"
"296107","pistor"
"296107","pistor"
"296108","panarius"
"296109","similaginarius"
"296109","pistor"
"296127","unguentarius"
"296128","mensor"
"296181","curator"
"296257","fictor"
"296259","fictor"
"296260","fictor"
"296286","scriba"
"296303","curator"
"296309","fidicinus"
"296309","tibicinus"
"296310","fidicinus"
"296315","arcarius"
"296323","specularius"
"296339","dissignator"
"296343","faber argentarius"
"296371","tector"
"296385","officinator"
"296387","conditor"
"296420","arcarius"
"296457","aquarius"
"296458","aerarius"
"296485","curator"
"296485","curator"
"296485","curator"
"296485","curator"
"296488","cornicen"
"296489","curator"
"296489","curator"
"296489","curator"
"296489","mensor"
"296489","mensor"
"296489","mensor"
"296492","curator"
"296494","curator"
"296494","curator"
"296494","curator"
"296494","mensor"
"296564","librator"
"296576","aquarius"
"296604","salarius"
"296627","mensor"
"296641","medicus"
"296654","curator"
"296694","tibicinus"
"296699","salarius"
"296704","medicus"
"296800","mensor"
"296833","armamentarius"
"296833","architectus"
"296861","mensor"
"296880","tector"
"296909","armamentarius"
"297008","curator"
"297024","negotians"
"297052","vexillarius"
"297056","vexillarius"
"297068","exceptor"
"297072","vexillarius"
"297078","vexillarius"
"297132","scaenicus"
"297142","frumentarius"
"297268","architectus"
"297277","curator"
"297284","curator"
"297289","vexillarius"
"297325","vexillarius"
"297340","vexillarius"
"297396","curator"
"297411","frumentarius"
"297414","frumentarius"
"297417","frumentarius"
"297418","frumentarius"
"297418","frumentarius"
"297419","frumentarius"
"297420","frumentarius"
"297420","frumentarius"
"297421","frumentarius"
"297422","frumentarius"
"297423","frumentarius"
"297424","frumentarius"
"297425","frumentarius"
"297426","frumentarius"
"297427","frumentarius"
"297428","frumentarius"
"297429","frumentarius"
"297430","frumentarius"
"297431","frumentarius"
"297432","frumentarius"
"297433","frumentarius"
"297434","frumentarius"
"297435","frumentarius"
"297435","frumentarius"
"297436","frumentarius"
"297437","frumentarius"
"297437","frumentarius"
"297438","frumentarius"
"297439","frumentarius"
"297440","frumentarius"
"297442","frumentarius"
"297443","frumentarius"
"297444","frumentarius"
"297444","frumentarius"
"297445","frumentarius"
"297446","frumentarius"
"297447","frumentarius"
"297448","frumentarius"
"297448","frumentarius"
"297449","frumentarius"
"297449","frumentarius"
"297450","frumentarius"
"297451","frumentarius"
"297452","frumentarius"
"297453","frumentarius"
"297472","salarius"
"297498","mensor"
"297510","curator"
"297538","aerarius"
"297559","faber"
"297561","faber"
"297565","faber"
"297575","faber"
"297578","faber"
"297579","faber"
"297580","faber"
"297585","faber"
"297587","faber"
"297588","faber"
"297621","negotians"
"297639","vascularius"
"297651","mensor"
"297703","curator"
"297719","faber tignarius"
"297726","negotiator"
"297733","possessor"
"297738","curator"
"297749","curator"
"297763","suarius"
"297776","curator"
"297842","curator"
"297846","curator"
"297847","curator"
"297848","aerarius"
"297849","curator"
"297863","aquarius"
"297868","curator"
"297870","aerarius"
"297870","scriba"
"297871","scriba"
"297876","tibicinus"
"297877","tibicinus"
"297905","medicus"
"297910","frumentarius"
"297911","frumentarius"
"297920","aurifex"
"297921","inaurator"
"297928","aquarius"
"297929","aquarius"
"297930","arcarius"
"297931","arcarius"
"297932","calciator"
"297932","calciator"
"297936","aurifex"
"297937","aurifex"
"297938","aurificus"
"297939","aurifex"
"297940","aurificus"
"297942","aurifex"
"297943","aurifex"
"297944","aurifex"
"297946","colorator"
"297961","faber"
"297962","fullo"
"297971","cellararius"
"297973","margaritarius"
"297974","medicus"
"297975","medicus"
"297976","medicus"
"297977","medicus"
"297978","medicus"
"297979","ocularius"
"297979","medicus"
"297980","sarcinatrix"
"297980","mensor"
"297981","nummularius"
"297984","ornatrix"
"297985","ornatrix"
"297988","curator"
"297991","paenularius"
"297998","pictor"
"297999","pictor"
"298000","pistor"
"298001","pistor"
"298002","pistor"
"298017","sarcinatrix"
"298018","sarcinatrix"
"298019","sarcinatrix"
"298020","sarcinatrix"
"298023","structor"
"298033","vestiarius"
"298034","unctrix"
"298035","unguentarius"
"298038","curator"
"298227","horrearius"
"298228","horrearius"
"298232","mensor"
"298240","unguentarius"
"298293","curator"
"298314","argentarius"
"298314","caelator"
"298315","argentarius"
"298321","essedarius"
"298322","unctor"
"298322","fullo"
"298334","lecticarius"
"298335","lecticarius"
"298336","medicus"
"298342","pistor"
"298345","tonsor"
"298346","topiarius"
"298347","topiarius"
"298398","coronarius"
"298400","saccarius"
"298401","curator"
"298402","curator"
"298405","argentarius"
"298406","argentarius"
"298406","topiarius"
"298407","argentarius"
"298413","aurificus"
"298416","sarcinatrix"
"298425","faber"
"298426","medicus"
"298427","fullo"
"298428","faber"
"298432","medicus"
"298433","medicus"
"298434","medicus"
"298435","medicus"
"298442","plumbarius"
"298444","sarcinatrix"
"298445","sarcinatrix"
"298447","curator"
"298451","tonsor"
"298453","vestiarius"
"298453","vestiarius"
"298456","unctor"
"298457","curator"
"298458","curator"
"298459","curator"
"298460","curator"
"298460","curator"
"298665","medicus"
"298666","curator"
"298667","lanius"
"298683","curator"
"298685","curator"
"298688","architectus"
"298689","argentarius"
"298691","ornatrix"
"298851","architectus"
"299138","aerarius"
"299143","acceptor"
"299145","tabernarius"
"299154","forensis"
"299158","negotiator"
"299158","medicus"
"299158","cocus"
"299158","cocus"
"299159","lecticarius"
"299160","margaritarius"
"299163","speculariarius"
"299166","tector"
"299313","topiarius"
"299316","saccarius"
"299317","sarcinatrix"
"299547","cocus"
"299624","unguentarius"
"299667","unguentarius"
"299668","curator"
"299669","curator"
"299723","architectus"
"299799","frumentarius"
"299804","scaenicus"
"299805","argentarius"
"299850","lecticarius"
"299850","tonstrix"
"299851","marmorarius"
"299851","faber"
"299860","vitriarius"
"299861","ornatrix"
"299965","argentarius"
"299968","tector"
"300052","cocus"
"300167","pictor"
"300177","ocularius"
"300177","medicus"
"300200","unctor"
"300200","cerdo"
"300201","cellarius"
"300202","colorator"
"300202","curator"
"300203","lecticarius"
"300204","pistor"
"300205","curator"
"300206","curator"
"300229","capsarius"
"300230","cocus"
"300231","cocus"
"300232","cocus"
"300233","cocus"
"300234","colorator"
"300235","colorator"
"300247","unctor"
"300267","faber"
"300268","faber"
"300269","faber"
"300271","fullo"
"300272","fullo"
"300273","fullo"
"300274","fullo"
"300276","horrearius"
"300277","horrearius"
"300278","horrearius"
"300279","horrearius"
"300286","lecticarius"
"300287","lecticarius"
"300288","lecticarius"
"300289","lecticarius"
"300291","lecticarius"
"300292","lecticarius"
"300293","lecticarius"
"300294","lecticarius"
"300295","lecticarius"
"300296","lecticarius"
"300297","lecticarius"
"300302","marmorarius"
"300303","medicus"
"300304","medicus"
"300305","mensor"
"300321","pistor"
"300322","pistor"
"300323","quasillaria"
"300324","quasillaria"
"300325","quasillaria"
"300326","quasillaria"
"300327","quasillaria"
"300327","unctor"
"300328","quasillaria"
"300329","quasillaria"
"300330","quasillaria"
"300331","salarius"
"300332","sarcinator"
"300334","sarcinatrix"
"300335","sarcinatrix"
"300337","structor"
"300338","parietarius"
"300338","structor"
"300338","faber"
"300339","sutor"
"300345","textor"
"300346","textrix"
"300347","faber tignuarius"
"300348","faber tignuarius"
"300349","faber tignuarius"
"300350","faber tignuarius"
"300351","tonsor"
"300352","tonsor"
"300353","tostrix"
"300354","topiarius"
"300355","topiarius"
"300358","vestiarius"
"300361","unctor"
"300362","unctor"
"300363","unctor"
"300365","unctor"
"300366","unctor"
"300367","unctor"
"300589","medicus"
"300628","curator"
"300642","scabillarius"
"300669","pistor"
"300669","pistor"
"300701","curator"
"300708","sarcinatrix"
"300825","medicus"
"300841","vestiarius"
"300929","brattiarius"
"300984","tonsor"
"300984","fullo"
"300998","coronarius"
"301065","curator"
"301271","cellarius"
"301271","curator"
"301272","curator"
"301272","fullo"
"301279","horrearius"
"301282","lecticarius"
"301284","medicus"
"301285","ornatrix"
"301286","ornatrix"
"301288","specularius"
"301289","topiarius"
"301290","vestiplicus"
"301357","capsarius"
"301395","faber"
"301398","medicus"
"301401","plumarius"
"301426","cocus"
"301450","archimagirus"
"301450","cocus"
"301454","vestificus"
"301455","lintiarius"
"301529","fossor"
"301596","argentarius"
"301598","cocus"
"301604","lecticarius"
"301605","medicus"
"301607","medicus"
"301610","pictor"
"301611","tegularius"
"301650","eborarius"
"301651","ornatrix"
"301654","spatharius"
"301654","spatharius"
"301776","vestiarius"
"301782","aerarius"
"301797","palangarius"
"301808","marmorarius"
"301808","subaedanus"
"301854","centonarius"
"301854","centonarius"
"301856","centonarius"
"301857","centonarius"
"301875","faber lectarius"
"301878","eburarius"
"301878","politor"
"301961","sagarius"
"301963","aquarius"
"301978","lectarius"
"301979","lecticarius"
"302159","faber intestinarius"
"302160","medicus"
"302430","arcarius"
"302442","arcarius"
"302444","aerarius"
"302445","flaturarius"
"302446","monetarius"
"302447","monetarius"
"302448","monetarius"
"302449","monetarius"
"302450","nummularius"
"302451","nummularius"
"302451","officinator"
"302451","officinator"
"302452","scalptor"
"302461","frumentarius"
"302462","frumentarius"
"302463","frumentarius"
"302464","frumentarius"
"302465","frumentarius"
"302479","aquarius"
"302490","medicus"
"302498","scriba"
"302498","scriba"
"302498","scriba"
"302498","unctor"
"302498","unctor"
"302498","unctor"
"302503","arcarius"
"302521","curator"
"302541","vestificus"
"302543","vestiarius"
"302545","vestiplicus"
"302546","vestiplicus"
"302547","vestiplicus"
"302548","vestitor"
"302549","vestitor"
"302560","arcarius"
"302561","arcarius"
"302562","arcarius"
"302568","unctor"
"302575","aerarius"
"302630","medicus"
"302631","medicus"
"302632","opifex"
"302637","aquarius"
"302641","medicus"
"302644","speculariarius"
"302645","speculariarius"
"302656","medicus"
"302667","horrearius"
"302670","faenarius"
"302690","curator"
"302703","arcarius"
"302704","arcarius"
"302705","arcarius"
"302706","arcarius"
"302707","arcarius"
"302708","arcarius"
"302709","architectus"
"302710","architectus"
"302711","architectus"
"302712","argentarius"
"302715","scaenicus"
"302722","topiarius"
"302722","topiarius"
"302725","aurifex"
"302730","cellarius"
"302731","cellarius"
"302733","circitor"
"302734","archimagirus"
"302734","cocus"
"302734","cocus"
"302735","archimagirus"
"302736","cocus"
"302737","cocus"
"302738","cocus"
"302739","cocus"
"302751","scriba"
"302752","scriba"
"302753","scriba"
"302809","negotians"
"302829","dissignator"
"302848","arcarius"
"302854","lapidarius"
"302855","lecticarius"
"302855","lecticarius"
"302856","lecticarius"
"302857","lecticarius"
"302858","lecticarius"
"302858","lecticarius"
"302858","scriba"
"302859","lecticarius"
"302862","ornatrix"
"302863","ornatrix"
"302864","scriba"
"302878","medicus"
"302879","medicus"
"302880","medicus"
"302881","medicus"
"302882","medicus"
"302883","medicus"
"302884","medicus"
"302885","medicus"
"302886","sarcinatrix"
"302886","medicus"
"302887","medicus"
"302888","medicus"
"302889","medicus"
"302890","medicus"
"302891","medicus"
"302892","ocularius"
"302892","medicus"
"302893","ocularius"
"302893","medicus"
"302894","structor"
"302894","mensor"
"302895","mensor"
"302908","medicator"
"302915","mensor"
"302924","ornatrix"
"302936","ornator"
"302937","ornatrix"
"302938","ornatrix"
"302939","ornatrix"
"302940","ornatrix"
"302941","scriba"
"302957","ornatrix"
"302966","vestitor"
"302977","pistor"
"302978","pistor"
"302979","pistor"
"302980","pistor"
"302981","pistor"
"302993","aedifex"
"303009","faber tignuarius"
"303009","redemptor"
"303013","sarcinatrix"
"303014","sarcinatrix"
"303015","sarcinatrix"
"303018","aerarius"
"303020","specularius"
"303021","structor"
"303022","structor"
"303023","structor"
"303024","structor"
"303026","sutor"
"303029","tabernacularius"
"303030","tabernacularius"
"303058","topiarius"
"303068","unctor"
"303069","unctor"
"303070","unctor"
"303071","unctrix"
"303072","unctrix"
"303075","faber"
"303076","marmorarius"
"303076","structor"
"303076","pictor"
"303076","faber"
"303076","faber"
"303076","faber"
"303076","faber"
"303077","tabernarius"
"303077","tabernarius"
"303077","tabernarius"
"303077","tubarius"
"303078","abietarius"
"303082","horrearius"
"303104","aquarius"
"303106","aerarius"
"303106","aerarius"
"303107","aerarius"
"303108","aerarius"
"303109","aerarius"
"303110","aerarius"
"303111","aerarius"
"303112","albarius"
"303115","aluminarius"
"303117","anularius"
"303117","anularius"
"303118","aquarius"
"303119","arcarius"
"303120","arcarius"
"303121","arcarius"
"303123","arcarius"
"303124","architectus"
"303124","architectus"
"303125","architectus"
"303126","architectus"
"303127","architectus"
"303128","argentarius"
"303129","argentarius"
"303130","argentarius"
"303131","argentarius"
"303132","argentarius"
"303133","argentarius"
"303134","argentarius"
"303135","argentarius"
"303136","argentarius"
"303137","argentarius"
"303138","argentarius"
"303139","argentarius"
"303140","argentarius"
"303141","argentarius"
"303142","argentarius"
"303143","argentarius"
"303144","argentarius"
"303145","argentarius"
"303146","argentarius"
"303147","argentarius"
"303147","ornatrix"
"303148","argentarius"
"303150","argentarius"
"303151","argentarius"
"303151","nummularius"
"303152","argentarius"
"303153","argentarius"
"303154","argentarius"
"303154","argentarius"
"303154","argentarius"
"303154","argentarius"
"303154","vinarius"
"303154","vinarius"
"303154","vinarius"
"303154","vinarius"
"303154","vinarius"
"303154","vinarius"
"303154","coactor"
"303155","argentarius"
"303155","vinarius"
"303156","argentarius"
"303157","argentarius"
"303158","argentarius"
"303159","aerarius"
"303159","coactor"
"303160","coactor"
"303161","coactor"
"303162","vinarius"
"303162","vinarius"
"303162","coactor"
"303162","gerulus"
"303163","vinarius"
"303163","coactor"
"303174","aurificus"
"303175","aurificus"
"303176","aurifex"
"303177","aurifex"
"303178","aurificus"
"303179","aurifex"
"303180","aurifex"
"303181","argentarius"
"303181","aurarius"
"303182","brattearius"
"303183","brattearius"
"303184","acceptor"
"303187","axearius"
"303187","axearius"
"303193","caelator"
"303195","calcariensis"
"303196","calcarensis"
"303197","caligarius"
"303197","caligarius"
"303198","boarius"
"303199","candelabrarius"
"303199","coronarius"
"303200","candelabrarius"
"303201","candidator"
"303202","sutor"
"303204","capsarius"
"303206","capsarius"
"303208","carbonarus"
"303211","cabator"
"303215","cellarius"
"303216","cellarius"
"303217","cellarius"
"303218","cellarius"
"303219","cellarius"
"303220","cellarius"
"303222","cellarius"
"303223","cellarius"
"303224","cellarius"
"303225","cellarius"
"303225","furnarius"
"303226","centonarius"
"303226","arcarius"
"303226","arcarius"
"303227","chartarius"
"303228","chartarius"
"303229","circitor"
"303230","citrarius"
"303231","clavarius"
"303232","claustrarius"
"303233","cocus"
"303234","scriba"
"303234","cocus"
"303235","cocus"
"303235","cocus"
"303236","cocus"
"303237","cocus"
"303238","cocus"
"303239","cocus"
"303240","cocus"
"303241","cocus"
"303242","cocus"
"303243","cocus"
"303244","cocus"
"303249","conditarius"
"303250","confectorarius"
"303251","coriarius"
"303252","corarius"
"303253","coronarius"
"303255","crepidarius"
"303261","textor"
"303264","pistor"
"303294","curator"
"303317","ornatrix"
"303345","dissignator"
"303346","dulciarius"
"303347","eborarius"
"303356","exonerator"
"303357","faber"
"303358","faber"
"303358","faber"
"303359","faber"
"303360","faber"
"303361","faber"
"303362","faber argentarius"
"303363","faber argentarius"
"303364","faber argentarius"
"303365","faber argentarius"
"303366","automatarius"
"303366","faber"
"303367","faber"
"303367","faber"
"303368","eborarius"
"303368","faber"
"303370","ferrarius"
"303371","ferrius"
"303371","faber"
"303372","faber intestinarius"
"303373","oculariarius"
"303373","faber"
"303375","faber"
"303376","faber tignuarius"
"303376","possessor"
"303376","faber"
"303376","faber"
"303376","faber"
"303377","faber tignuarius"
"303378","faber"
"303379","faber tignuarius"
"303380","faber tignuarius"
"303381","faber tignuarius"
"303382","faber tignuarius"
"303383","faber tignuarius"
"303384","faber tignuarius"
"303385","faber tignuarius"
"303386","faber tignarius"
"303386","intestinarius"
"303387","faber"
"303388","faber"
"303389","faenarius"
"303390","flaturarius"
"303391","flaturarius"
"303392","flaturarius"
"303393","florentinarius"
"303394","fontanus"
"303398","frumentarius"
"303399","fullo"
"303400","fullo"
"303401","fullo"
"303402","gaunacarius"
"303403","caelator"
"303404","gemmarius"
"303405","gemmarius"
"303406","gemmarius"
"303407","gemmarius"
"303407","sculptor"
"303409","gerulus"
"303410","gerulus"
"303411","gerulus"
"303412","gerulus"
"303413","gladiarius"
"303414","glutinarius"
"303417","scriba"
"303428","holitor"
"303429","holitor"
"303430","holitor"
"303431","horrearius"
"303432","horrearius"
"303433","horrearius"
"303434","lecticarius"
"303434","marmorarius"
"303434","horrearius"
"303434","horrearius"
"303434","ornatrix"
"303434","politor"
"303434","pistor"
"303434","tector"
"303434","faber"
"303436","horrearius"
"303437","horrearius"
"303438","horrearius"
"303439","horrearius"
"303440","horrearius"
"303441","horrearius"
"303445","hortolanus"
"303456","inundatoris"
"303457","iumentarius"
"303461","lanarius"
"303462","lanarius"
"303463","lanarius"
"303464","lanarius"
"303465","lanarius"
"303465","tonstrix"
"303466","coactiliarius"
"303466","lanarius"
"303467","quasillaria"
"303471","lanius"
"303472","lanius"
"303475","lecticarius"
"303476","lecticarius"
"303477","lecticarius"
"303478","lecticarius"
"303479","lecticarius"
"303480","lecticarius"
"303481","iumentarius"
"303481","iumentarius"
"303481","lecticarius"
"303481","lecticarius"
"303481","lecticarius"
"303481","medicus"
"303481","medicus"
"303482","lecticarius"
"303483","lecticarius"
"303484","lecticarius"
"303485","lecticarius"
"303496","lintiarius"
"303497","locularius"
"303498","lorarius"
"303501","lintrarius"
"303502","macellarius"
"303503","machinator"
"303509","medicus"
"303514","margaritarius"
"303515","margaritarius"
"303516","margaritarius"
"303517","margaritarius"
"303518","margaritarius"
"303519","margaritarius"
"303520","marmorarius"
"303521","marmorarius"
"303522","marmorarius"
"303523","marmorarius"
"303524","marmorarius"
"303525","marmorarius"
"303526","marmorarius"
"303527","scriptor"
"303528","subaedianus"
"303529","subaedianus"
"303531","materiarius"
"303536","medicus"
"303536","scriba"
"303537","medicus"
"303538","medicus"
"303539","medicus"
"303540","medicus"
"303541","medicus"
"303542","medicus"
"303543","medicus"
"303544","medicus"
"303545","medicus"
"303546","medicus"
"303547","medicus"
"303548","medicus"
"303549","medicus"
"303550","medicus"
"303551","medicus"
"303552","medicus"
"303553","medicus"
"303554","medicus"
"303555","medicus"
"303556","medicus"
"303557","medicus"
"303558","medicus"
"303559","medicus"
"303560","medicus"
"303561","medicus"
"303562","medicus"
"303563","medicus"
"303564","medicus"
"303565","medicus"
"303566","medicus"
"303567","medicus"
"303568","medicus"
"303569","medicus"
"303570","medicus"
"303571","medicus"
"303573","ocularius"
"303573","medicus"
"303574","ocularius"
"303574","medicus"
"303575","ocularius"
"303575","medicus"
"303576","ocularius"
"303576","medicus"
"303577","ocularius"
"303577","medicus"
"303578","medicus"
"303578","venator"
"303587","mensor"
"303588","mensor"
"303589","mensor"
"303590","mensor"
"303591","mensor"
"303592","mensor"
"303593","mensor"
"303594","machinarius"
"303594","mensor"
"303595","vinariarius"
"303595","negotiator"
"303595","mensor"
"303596","mercator"
"303597","mercator"
"303598","mercator"
"303599","mercator"
"303599","suarius"
"303600","mercator"
"303608","barbaricarius"
"303614","musivarius"
"303618","negotiator"
"303619","negotiator"
"303620","negotiator"
"303621","negotians"
"303621","fossor"
"303622","negotiator"
"303623","negotians"
"303624","negotians"
"303624","negotians"
"303626","negotiator campi pecuarii"
"303627","negotians"
"303628","negotiator"
"303629","negotians"
"303630","negotiator"
"303630","ferrarius"
"303630","aerarius"
"303631","negotians ferrarius"
"303632","negotiator ferrarius"
"303633","coriarius"
"303633","negotians"
"303634","negotiator frumentarius"
"303635","negotiator lanarius"
"303636","negotiator lintiarius"
"303637","negotiator penoris et vinorum"
"303638","negotians"
"303639","pigmentarius"
"303639","negotians"
"303640","negotians"
"303641","negotiator sagarius"
"303641","mercator"
"303641","sagarius"
"303642","salsamentarius"
"303642","vinariarius"
"303642","negotians"
"303643","negotians"
"303643","negotians"
"303643","salsarius"
"303644","sericarius"
"303644","negotians"
"303645","negotians"
"303645","vinarius"
"303646","negotians"
"303646","vinarius"
"303647","negotians"
"303647","vinarius"
"303648","navicularius"
"303648","negotians"
"303648","vinarius"
"303648","curator"
"303656","ornatrix"
"303672","nummularius"
"303673","nummularius"
"303674","nummularius"
"303675","nummularius"
"303676","nummularius"
"303677","nummularius"
"303678","nummularius"
"303679","nummularius"
"303680","nummularius"
"303681","officinatrix"
"303682","olearius"
"303683","olearius"
"303684","olearius"
"303685","olearius"
"303693","ornatrix"
"303694","ornatrix"
"303695","ornatrix"
"303695","ornatrix"
"303696","ornatrix"
"303697","ornatrix"
"303698","ornatrix"
"303699","ornatrix"
"303699","pistor"
"303700","ornatrix"
"303701","ornatrix"
"303730","pastillarius"
"303731","pastillarius"
"303750","pictor"
"303751","pictor"
"303752","pictor"
"303753","pictor"
"303754","pictor"
"303755","pictor"
"303757","quadrigularius"
"303757","pictor"
"303758","scaenarius"
"303758","redemptor"
"303758","pictor"
"303759","pigmentarius"
"303760","pigmentarius"
"303762","piscator"
"303763","piscator"
"303765","pistor"
"303766","pistor"
"303767","pistor"
"303768","pistor"
"303769","pistor"
"303770","pistor"
"303771","pistor"
"303772","pistor"
"303773","pistor"
"303774","pistor"
"303775","plumarius"
"303776","plumarius"
"303777","plumbarius"
"303778","plumbarius"
"303779","plumbarius"
"303780","plumbarius"
"303781","plutiarius"
"303782","politor"
"303783","pomarius"
"303784","pomarius"
"303785","pomarius"
"303786","scalptor"
"303787","popinarius"
"303799","promus"
"303800","psecas"
"303801","pugillariarius"
"303803","purpurarius"
"303804","purpurarius"
"303805","purpurarius"
"303806","purpurarius"
"303807","purpurarius"
"303808","quasillaria"
"303809","quasillaria"
"303810","redemptor"
"303811","redemptor"
"303811","redemptor"
"303811","aerarius"
"303811","aerarius"
"303813","redemptor"
"303814","resinaria"
"303815","restio"
"303815","restio"
"303820","apparator"
"303821","apparator"
"303823","sagarius"
"303824","sagarius"
"303825","sagarius"
"303826","sagarius"
"303827","sagarius"
"303829","sagarius"
"303830","sagarius"
"303831","salsarius"
"303833","sarcinatrix"
"303834","sarcinatrix"
"303835","sarcinatrix"
"303836","sarcinatrix"
"303837","sarcinatrix"
"303838","sarcinatrix"
"303839","sarcinatrix"
"303840","sarcinatrix"
"303841","sarcinatrix"
"303842","sarcinatrix"
"303844","scutarius"
"303845","serrarius"
"303845","sector"
"303846","segmentarius"
"303851","sigillarius"
"303852","sigillariarius"
"303853","signarius"
"303853","artifex"
"303854","solatarius"
"303855","spatharius"
"303856","specularius"
"303857","specularius"
"303862","unctor"
"303863","structor"
"303864","structor"
"303865","structor"
"303866","structor"
"303867","structor"
"303868","structor"
"303869","structor"
"303870","parietarius"
"303870","structor"
"303879","tabernarius"
"303880","tabernarius"
"303887","artifex"
"303895","tibiarius"
"303896","tinctor"
"303897","tonsor"
"303897","tonsor"
"303898","tonsor"
"303899","tonsor"
"303900","tonsor"
"303901","tostrix"
"303902","tonsor"
"303903","topiarius"
"303904","topiarius"
"303905","topiarius"
"303906","topiarius"
"303907","topiarius"
"303908","topiarius"
"303909","argentarius"
"303910","tubularius"
"303911","vascularius"
"303912","vascularius"
"303913","vascularius"
"303914","vascularius"
"303915","vascularius"
"303916","vascularius"
"303917","argentarius"
"303917","vascularius"
"303920","vestiarius"
"303921","vestiarius"
"303922","vestiarius"
"303923","vestiarius"
"303924","vestiarius"
"303925","vestiarius"
"303926","vestiarius"
"303927","vestiarius"
"303928","vestiarius"
"303929","vestiarius"
"303930","vestiarius"
"303931","vestiarius"
"303932","vestiarius"
"303933","vestiarius"
"303934","vestiarius"
"303935","vestiarius"
"303936","vestiarius"
"303937","vestificus"
"303939","vestiplicus"
"303950","vinariarius"
"303951","vinarius"
"303953","scriba"
"303953","unctor"
"303954","unctor"
"303955","unctor"
"303957","unguentarius"
"303958","unguentarius"
"303959","unguentarius"
"303960","unguentarius"
"303961","unguentarius"
"303962","unguentarius"
"303963","unguentarius"
"303965","unguentarius"
"303965","institor"
"303987","acuclarius"
"303988","vinariarius"
"304003","conditor"
"304003","medicus"
"304003","sutor"
"304022","conditor"
"304023","conditor"
"304024","conditor"
"304026","conditor"
"304027","conditor"
"304028","conditor"
"304039","medicus"
"304042","scaenicus"
"304045","artifex"
"304046","scaenicus"
"304052","curator"
"304059","vestiarius"
"304060","mimus"
"304066","pantomimus"
"304066","scaenicus"
"304066","artifex"
"304067","pantomimus"
"304067","pantomimus"
"304068","pantomimus"
"304070","parasitus"
"304070","mimus"
"304096","scabillarius"
"304097","scabillarius"
"304098","scabillarius"
"304099","scabillarius"
"304105","athleta"
"304115","armamentarius"
"304120","retiarius"
"304122","retiarius"
"304122","curator"
"304122","medicus"
"304123","medicus"
"304123","medicus"
"304124","medicus"
"304134","spatharius"
"304135","retiarius"
"304154","retiarius"
"304159","venator"
"304163","curator"
"304164","scriba"
"304168","aerarius"
"304169","aeneator"
"304170","aeneator"
"304172","curator"
"304179","curator"
"304180","curator"
"304181","mensor"
"304182","curator"
"304182","curator"
"304182","curator"
"304182","curator"
"304182","curator"
"304182","curator"
"304186","aerarius"
"304187","signator"
"304195","fictor"
"304201","scriba"
"304202","scriba"
"304208","ollarius"
"304240","curator"
"304240","curator"
"304244","fullo"
"304269","curator"
"304270","curator"
"304271","curator"
"304272","curator"
"304273","curator"
"304274","curator"
"304275","curator"
"304276","curator"
"304277","curator"
"304278","curator"
"304278","curator"
"304279","curator"
"304280","curator"
"304281","curator"
"304282","scriba"
"304283","curator"
"304284","curator"
"304295","curator"
"304351","curator"
"304469","curator"
"304489","sutor"
"304561","aerarius"
"304561","aerarius"
"304561","scriba"
"304633","aerarius"
"304633","aerarius"
"304786","aerarius"
"304888","aedifex"
"304968","curator"
"304969","curator"
"305202","pomarius"
"305508","lanifica"
"305510","aerarius"
"305808","aerarius"
"306005","possessor"
"306519","forensis"
"306543","mensor"
"306867","aerarius"
"306880","aerarius"
"307154","aerarius"
"307243","pistor"
"307243","pistor"
"307321","aerarius"
"307395","possessor"
"307450","aerarius"
"308008","aerarius"
"308454","architectus"
"308723","aerarius"
"308723","aerarius"
"308728","ollarius"
"308838","aerarius"
"308986","aerarius"
"309010","aerarius"
"309193","aerarius"
"309263","aerarius"
"309313","pomarius"
"310139","aerarius"
"310414","aerarius"
"310495","aerarius"
"310578","aerarius"
"310812","arcarius"
"311367","aerarius"
"312117","sigillarius"
"312124","aerarius"
"312125","aerarius"
"312825","scriba"
"313913","possessor"
"313929","curator"
"314694","aerarius"
"315559","lectarius"
"315963","aerarius"
"316168","aerarius"
"316293","aerarius"
"316590","aerarius"
"318448","aerarius"
"318957","possessor"
"319213","medicus"
"319594","aerarius"
"319849","aerarius"
"319879","fidicinus"
"319879","tibicinus"
"320074","aerarius"
"322894","aerarius"
"323285","dendrophorus"
"323294","piscator"
"323294","urinator"
"323294","curator"
"323295","curator"
"323295","curator"
"323295","curator"
"323295","curator"
"323296","piscator"
"323296","urinator"
"323298","faber"
"323302","faber"
"323315","negotiator vinarius"
"323315","diffusor"
"323315","olearius"
"323315","curator"
"323315","curator"
"323315","nauta"
"323336","scriba"
"323357","pomarius"
"323388","medicus"
"323519","vitrarius"
"323606","scriptor"
"323608","aerarius"
"323609","aerarius"
"323610","aerarius"
"323612","aerarius"
"323613","aerarius"
"323614","aerarius"
"323622","aerarius"
"323623","aerarius"
"323624","aerarius"
"323625","aerarius"
"323636","aerarius"
"323815","medicus"
"324386","aerarius"
"325304","aerarius"
"325340","scriptor"
"325342","aerarius"
"325474","conditor"
"325577","aerarius"
"325810","quadratarius"
"325824","forensis"
"325840","operarius"
"325867","frumentarius"
"325890","margaritarius"
"325890","dendrophorus"
"325933","frumentarius"
"325995","curator"
"325998","pernarius"
"326002","curator"
"326005","curator"
"326006","curator"
"326007","curator"
"326010","curator"
"326018","architectus"
"326023","sagittarius"
"326036","tector"
"326043","medicus"
"326069","curator"
"326070","curator"
"326091","iumentarius"
"326091","curator"
"326091","curator"
"326103","iumentarius"
"326104","iumentarius"
"326111","curator"
"326139","scriba"
"326213","tignarius"
"326225","curator"
"326231","curator"
"326244","curator"
"326246","curator"
"326247","curator"
"326249","curator"
"326250","curator"
"326251","curator"
"326252","curator"
"326253","curator"
"326254","curator"
"326255","curator"
"326256","curator"
"326257","curator"
"326258","curator"
"326259","curator"
"326260","curator"
"326261","curator"
"326262","curator"
"326263","curator"
"326264","curator"
"326265","curator"
"326265","curator"
"326266","curator"
"326270","curator"
"326275","curator"
"326276","curator"
"326284","curator"
"326289","curator"
"326290","curator"
"326363","curator"
"326376","aerarius"
"326383","curator"
"326424","plumarius"
"326424","plumarius"
"326424","focarius"
"326424","lanarius"
"326425","tonsor"
"326725","curator"
"326725","curator"
"326725","scriba"
"326727","scriba"
"326728","scriba"
"326729","scriba"
"326730","scriba"
"326731","scriba"
"326732","scriba"
"326733","scriba"
"326734","scabillarius"
"326734","gerulus"
"326755","dissignator"
"326755","pantomimus"
"326755","pantomimus"
"326755","pantomimus"
"326755","pantomimus"
"326755","pantomimus"
"326755","pantomimus"
"326755","pantomimus"
"326755","pantomimus"
"326755","pantomimus"
"326755","asinarius"
"326755","scaenicus"
"326755","tibicinus"
"326755","acceptor"
"326755","acceptor"
"326755","aeneator"
"326755","aerarius"
"326755","curator"
"326755","curator"
"326755","curator"
"326795","fictor"
"326795","fictor"
"326800","fictor"
"326804","fictor"
"326823","purpurarius"
"326832","curator"
"326858","curator"
"326906","curator"
"326972","vexillarius"
"326981","medicus"
"326987","tractator"
"327030","curator"
"327043","curator"
"327070","frumentarius"
"327111","frumentarius"
"327112","frumentarius"
"327156","faber"
"327157","curator"
"327158","faber"
"327159","faber"
"327160","faber"
"327168","sagittarius"
"327172","scutarius"
"327174","scutarius"
"327175","scutarius"
"327178","scholasticus"
"327179","scholasticus"
"327179","scholasticus"
"327180","scholasticus"
"327181","scholasticus"
"327182","scholasticus"
"327184","scholasticus"
"327188","lactarius"
"327233","mensor"
"327245","faber"
"327299","ornatrix"
"327353","ocularius"
"327353","medicus"
"327358","sarcinatrix"
"327380","cocus"
"327385","scabillarius"
"327387","curator"
"327388","scabillarius"
"327429","structor"
"327437","scriba"
"327530","lecticarius"
"327531","lecticarius"
"327532","lecticarius"
"327561","pictor"
"327584","scriba"
"327584","scriba"
"327586","eborarius"
"327586","faber"
"327587","lecticarius"
"327588","ornatrix"
"327621","topiarius"
"327645","unctor"
"327722","aedifex"
"327917","arcarius"
"327919","exceptor"
"327921","scriba"
"327929","aquarius"
"327936","topiarius"
"327937","horrearius"
"327938","horrearius"
"327938","horrearius"
"327938","horrearius"
"327940","architectus"
"327943","barbaricarius"
"327944","cocus"
"327947","scriba"
"327954","medicus"
"327958","ornatrix"
"327962","plumbarius"
"327968","structor"
"327968","structor"
"327983","arcarius"
"327984","faber navalis"
"327984","architectus"
"327985","argentarius"
"327986","brattiarius"
"327986","aurifex"
"327987","centonarius"
"327987","centonarius"
"327988","cocus"
"327989","coactor"
"327991","scriba"
"327996","cullearius"
"328003","dulciarius"
"328007","infector"
"328008","inpiliarius"
"328015","lanarius"
"328017","redemptor"
"328019","subaedianus"
"328020","subaedianus"
"328022","medicus"
"328023","medicus"
"328024","ocularius"
"328024","medicus"
"328025","medicus"
"328026","medicus"
"328027","machinarius"
"328027","mensor"
"328029","negotiator eborarius"
"328029","eborarius"
"328029","negotians"
"328029","curator"
"328029","curator"
"328029","curator"
"328029","curator"
"328029","curator"
"328029","curator"
"328029","curator"
"328029","curator"
"328029","curator"
"328029","curator"
"328029","curator"
"328030","negotiator marmorarius"
"328031","negotiator"
"328032","purpurarius"
"328032","negotians"
"328033","negotiator vestiarius"
"328037","officinator"
"328041","peponarius"
"328041","curator"
"328044","porcinarius"
"328045","aerarius"
"328047","quadratarius"
"328048","poeta"
"328054","scriba"
"328058","sutor"
"328059","topiarius"
"328061","vascularius"
"328062","vestiarius"
"328063","vestiarius"
"328064","vestiarius"
"328064","vestiarius"
"328065","vestiarius"
"328066","vestiarius"
"328069","negotiator vinarius"
"328076","aurarius"
"328081","cellarius"
"328088","essedarius"
"328098","pantomimus"
"328099","pantomimus"
"328100","curator"
"328103","scabillarius"
"328108","poeta"
"328114","gladiator"
"328118","curator"
"328119","curator"
"328120","curator"
"328123","curator"
"328125","liticinus"
"328127","curator"
"328133","curator"
"328134","scalarius"
"328238","ornatrix"
"328438","faber"
"328442","tector"
"328578","aerarius"
"328604","fossor"
"328679","scholasticus"
"329021","signator"
"329220","aerarius"
"329261","aerarius"
"329694","ocularius"
"329694","medicus"
"329894","pictor"
"330333","aerarius"
"330427","vestiarius"
"330582","aerarius"
"330856","frumentarius"
"330878","faber"
"330893","curator"
"330910","curator"
"330911","curator"
"330916","curator"
"330917","curator"
"330921","scriba"
"330989","curator"
"330995","curator"
"331036","curator"
"331040","aerarius"
"331108","scholasticus"
"331150","medicus"
"331194","sagarius"
"331217","sagarius"
"331275","curator"
"331355","medicus"
"331383","marmorarius"
"331525","pistor"
"331526","vestificus"
"331542","exceptor"
"331543","exceptor"
"331552","mensor"
"331560","aurifex"
"331562","cellarius"
"331571","horrearius"
"331572","lapidarius"
"331575","margaritarius"
"331576","margaritarius"
"331577","medicus"
"331581","ornatrix"
"331584","pictor"
"331585","parasitus"
"331585","poeta"
"331586","politor"
"331587","tonsor"
"331589","vascularius"
"331589","vascularius"
"331590","vestiarius"
"331594","unguentarius"
"331604","curator"
"331605","curator"
"331754","tector"
"332189","redemptor"
"332227","curator"
"332305","scriptor"
"332531","mensor"
"332560","aerarius"
"332879","aerarius"
"332880","aerarius"
"333112","scriptor"
"333287","frumentarius"
"333333","cocus"
"333380","structor"
"333380","tector"
"333479","medicus"
"333588","frumentarius"
"333603","venator"
"333751","aerarius"
"333752","scriba"
"333754","aquarius"
"333758","curator"
"333761","coactarius"
"333761","coriarius"
"333781","mensor"
"333875","nauta"
"336435","negotians"
"336436","negotians"
"336437","negotiator"
"336449","negotiator"
"336449","figulus"
"336450","negotiator"
"336450","figulus"
"336451","negotiator"
"336451","figulus"
"336452","negotiator"
"336452","figulus"
"336453","negotiator"
"336453","figulus"
"336454","negotiator"
"336455","negotiator"
"336456","negotiator"
"336457","negotiator"
"336458","negotiator"
"336459","negotiator"
"336460","negotiator"
"336461","negotiator"
"336462","negotiator"
"336535","negotiator"
"336536","negotiator"
"336537","negotiator"
"337019","figulus"
"337020","figulus"
"337021","figulus"
"337022","figulus"
"337023","figulus"
"337024","figulus"
"337025","figulus"
"337026","figulus"
"337027","figulus"
"339287","negotians"
"339288","negotians"
"339289","negotians"
"339290","negotians"
"341826","figulus"
"343047","officinator"
"343048","officinator"
"343049","officinator"
"343050","officinator"
"343449","figulus"
"345768","curator"
"345878","medicus"
"346725","copo"
"347579","cellarius"
"347853","circitor"
"347941","figulus"
"349283","figulus"
"349317","figulus"
"349318","figulus"
"349319","figulus"
"349320","figulus"
"349449","figulus"
"349450","figulus"
"349451","figulus"
"349452","figulus"
"349453","figulus"
"349454","figulus"
"349455","figulus"
"349456","figulus"
"349457","figulus"
"349458","figulus"
"349459","figulus"
"349460","figulus"
"349461","figulus"
"349462","figulus"
"349956","sutor"
"350277","lucernarius"
"352764","redemptor"
"352770","exceptor"
"352775","linarius"
"352777","medicus"
"352828","curator"
"352902","officinator"
"352927","officinator"
"352928","officinator"
"352935","officinator"
"352936","officinator"
"352939","curator"
"352941","officinator"
"352948","officinator"
"352949","officinator"
"353377","officinator"
"353382","officinator"
"353397","plumbarius"
"353398","plumbarius"
"353399","plumbarius"
"353421","officinator"
"353543","gerulus"
"353629","curator"
"353630","curator"
"353631","curator"
"353784","arcarius"
"354120","centonarius"
"354126","scriba"
"354314","officinator"
"354316","redemptor"
"354386","curator"
"354393","curator"
"354463","architectus"
"354671","curator"
"354711","vexillarius"
"354717","frumentarius"
"354733","capulator"
"355366","aerarius"
"355379","vestiarius"
"355409","scriba"
"355433","faber"
"355443","scriba"
"355485","faber"
"355490","pistor"
"355495","scholasticus"
"355513","curator"
"355557","scriba"
"355587","cocus"
"355722","argentarius"
"355722","argentarius"
"355722","exceptor"
"355722","exceptor"
"355722","curator"
"355727","lintearius"
"355740","conditor"
"355759","faber argentarius"
"355775","magnarius"
"355775","magnarius"
"355775","plumarius"
"355775","plumarius"
"355817","medicus"
"355852","horrearius"
"355882","curator"
"355883","inaurator"
"356573","possessor"
"356574","curator"
"356582","medicus"
"357094","fossor"
"357115","fossor"
"357671","agricola"
"358094","fossor"
"358094","fossor"
"358099","fossor"
"358140","fossor"
"358260","fossor"
"358425","fossor"
"358451","fossor"
"358454","fossor"
"358456","fossor"
"358483","fossor"
"358488","fossor"
"358563","fossor"
"358589","fossor"
"358601","fossor"
"358698","mensor"
"359187","fossor"
"359187","faber"
"360088","fossor"
"360995","pistor"
"361134","mensor"
"361262","fossor"
"361393","fossor"
"361601","arcarius"
"361602","scholasticus"
"362014","tonsor"
"362080","curator"
"362578","horrearius"
"362603","caudicarius"
"362720","fossor"
"362960","fossor"
"362987","fossor"
"363003","fossor"
"363008","fossor"
"363011","fossor"
"363013","mensor"
"363698","fossor"
"364090","quadratarius"
"365380","siricarius"
"365609","mensor"
"367374","fossor"
"367559","fossor"
"367568","fossor"
"368172","fossor"
"368323","fossor"
"368415","susceptor"
"368527","fossor"
"368804","fossor"
"369609","factor"
"372138","molendinarius"
"372519","fossor"
"372532","porcinarius"
"373255","fossor"
"373278","fossor"
"373496","faber"
"373510","fossor"
"373550","fossor"
"373584","fossor"
"373734","scriptor"
"374011","faber"
"374327","argentarius"
"374383","marmorarius"
"374610","fossor"
"374629","marmorarius"
"374643","fossor"
"374730","fossor"
"375548","fossor"
"375584","salgamarius"
"375593","fossor"
"375933","argentarius"
"375935","fossor"
"376053","redemptor"
"376154","fossor"
"376247","arcarius"
"376435","caelator"
"376435","sutor"
"376439","fossor"
"376440","pictor"
"376914","fossor"
"377067","scriptor"
"379217","pecuarius"
"379534","mensor"
"379562","fossor"
"379822","aerarius"
"379841","vestiarius"
"380400","mensor"
"380936","fossor"
"381090","fullo"
"382181","fossor"
"382248","mensor"
"382537","medicus"
"382688","mensor"
"382820","fossor"
"382937","porcinarius"
"383068","marmorarius"
"383339","mensor"
"383355","fossor"
"383563","fossor"
"383565","medicus"
"383692","lanius"
"384180","mensor"
"384297","fossor"
"384566","fossor"
"384598","mensor"
"384679","mensor"
"384767","fullo"
"384866","inaurator"
"385046","fossor"
"385063","mensor"
"385151","fossor"
"385151","fossor"
"385151","fossor"
"385433","mensor"
"385476","fossor"
"385518","porcinarius"
"386232","fullo"
"386244","fossor"
"386269","fossor"
"386430","fossor"
"386510","fossor"
"386513","aurifex"
"386544","poeta"
"387161","cellarius"
"387209","mensor"
"387699","fossor"
"387699","fossor"
"387699","fossor"
"387966","inaurator"
"388646","mensor"
"388795","fossor"
"388932","fossor"
"389895","montanarius"
"391045","fossor"
"391058","fossor"
"391128","fossor"
"391265","pistor"
"391632","popinarius"
"391991","fossor"
"392850","fossor"
"393733","fossor"
"393758","lactearius"
"394252","fossor"
"395347","mensor"
"395471","eborarius"
"395758","negotiator"
"396268","fossor"
"396273","fossor"
"396307","scholasticus"
"397060","unctor"
"397410","curator"
"397433","faber tignarius"
"398110","exceptor"
"398141","medicus"
"398441","vestiarius"
"398450","aurifex"
"398459","scriba"
"398459","scriba"
"398460","aerarius"
"398460","scriba"
"398461","scriba"
"398465","tibicinus"
"398471","vestiarius"
"398472","vestiarius"
"398473","vestiarius"
"398695","glutinator"
"398717","calciator"
"398724","horrearius"
"398844","lecticarius"
"398844","candidator"
"398873","aerarius"
"399125","scriba"
"399132","sagittarius"
"399133","sagittarius"
"399133","aquarius"
"399703","vascularius"
"399725","pomarius"
"399737","horrearius"
"399758","horrearius"
"399794","mensor"
"399819","essedarius"
"400031","curator"
"400084","aerarius"
"400085","aerarius"
"400087","aerarius"
"400091","ollarius"
"400093","aerarius"
"400380","navalis"
"400382","medicus"
"400385","pernarius"
"400549","faber"
"400962","pictor"
"401126","medicus"
"401323","mensor"
"401372","agrimensor"
"401415","officinator"
"401519","dissignator"
"401519","redemptor"
"401547","capsarius"
"401757","aerarius"
"401787","possessor"
"401828","arcarius"
"401837","fidicinus"
"402064","curator"
"402234","vascularius"
"402234","vascularius"
"402268","pictor"
"402268","pictor"
"402512","eburarius"
"402554","mensor"
"402676","lanarius"
"402809","capsarius"
"402934","aerarius"
"402965","arcarius"
"402965","curator"
"402979","frumentarius"
"403043","negotiator"
"403073","pistor"
"403117","pistor"
"403249","aquarius"
"403256","curator"
"403286","architectus"
"404285","negotiator"
"404286","negotiator"
"404481","parasitus"
"404528","scriba"
"404528","scriba"
"404528","scriba"
"404544","frumentarius"
"404545","frumentarius"
"404546","frumentarius"
"404547","frumentarius"
"404583","aurifex"
"404690","curator"
"404699","frumentarius"
"404788","medicus"
"404847","lintio"
"404847","lintio"
"404875","medicus"
"404902","gemmarius"
"404932","curator"
"404951","officinator"
"404988","lucernarius"
"405123","possessor"
"405128","curator"
"405130","curator"
"405130","curator"
"405131","faber tignuarius"
"405131","curator"
"405131","curator"
"405131","curator"
"405131","curator"
"405131","curator"
"405132","curator"
"405139","faber tignuarius"
"405156","curator"
"405156","curator"
"405156","curator"
"405157","curator"
"405169","gladiarius"
"405220","pictor"
"405272","curator"
"405439","gladiator"
"405646","curator"
"405646","faber"
"405672","curator"
"405746","curator"
"405774","curator"
"405774","curator"
"405809","curator"
"405809","curator"
"405894","medicus"
"405942","gladiator"
"405943","faber"
"405957","faber"
"405977","dendrophorus"
"405978","dendrophorus"
"405982","faber tignuarius"
"406097","curator"
"406098","faber"
"406121","scriptor"
"406227","curator"
"406229","caligarius"
"406229","institor"
"406229","sutor"
"406259","venator"
"406309","aerarius"
"406434","dendrophorus"
"406434","curator"
"406435","dendrophorus"
"406435","centonarius"
"406436","curator"
"406440","dendrophorus"
"406443","arcarius"
"406521","redemptor"
"406612","faber"
"406619","curator"
"406633","faber"
"406637","possessor"
"406642","argentarius"
"406645","curator"
"406654","venator"
"406672","scabillarius"
"406673","aquarius"
"406674","pistor"
"406676","tector"
"406820","figulus"
"406888","aurificus"
"407030","tibicinus"
"407030","faber"
"407031","faber"
"407034","curator"
"407089","faber"
"407200","curator"
"407201","curator"
"407207","faber"
"407209","faber"
"407216","curator"
"407216","curator"
"407223","curator"
"407235","scriba"
"407240","medicus"
"407243","faber"
"407246","centonarius"
"407247","centonarius"
"407248","coronarius"
"407333","curator"
"407342","faber"
"407347","faber"
"407447","restiarius"
"407450","possessor"
"407590","curator"
"407590","curator"
"407611","faber"
"407612","faber"
"407613","aerarius"
"407613","aerarius"
"407618","aerarius"
"407621","aerarius"
"407845","medicus"
"407901","arcarius"
"407902","arcarius"
"407903","arcarius"
"407904","arcarius"
"407923","scaenicus"
"407956","arcarius"
"407981","medicus"
"408052","sagittarius"
"408052","gladiator"
"408055","aerarius"
"408184","curator"
"408190","faber"
"408271","faber"
"408273","pollio"
"408274","lanarius"
"408275","unguentarius"
"408308","arcarius"
"408331","tonsor"
"408357","curator"
"408358","curator"
"408359","curator"
"408362","curator"
"408364","possessor"
"408365","faber"
"408369","curator"
"408373","curator"
"408373","faber"
"408513","circitor"
"408558","architectus"
"408678","curator"
"408690","curator"
"408693","curator"
"408700","paenularius"
"408802","mimus"
"408887","faber tignarius"
"408894","negotiator vinarius"
"408894","mercator"
"408907","redemptor"
"408939","furnaria"
"408981","gladiator"
"409011","curator"
"409134","sagittarius"
"409137","curator"
"409137","curator"
"409139","faber"
"409172","sutor"
"409240","arcarius"
"409318","curator"
"409393","pantomimus"
"409420","scriptor"
"409462","poeta"
"409549","faber"
"409550","aerarius"
"409560","gladiator"
"409569","forensis"
"409576","lanius"
"409682","venator"
"409695","aerarius"
"409755","aerarius"
"409900","aerarius"
"409900","scriba"
"409901","curator"
"409901","curator"
"409902","aerarius"
"409918","tubularius"
"409928","cellarius"
"410119","faber"
"410120","scriba"
"410137","scriba"
"410205","curator"
"410207","boarius"
"410277","faber tignuarius"
"410298","curator"
"410308","arcarius"
"410316","scaenicus"
"410444","faber"
"410449","scaenicus"
"410495","curator"
"410507","curator"
"410512","curator"
"410515","curator"
"410518","arcarius"
"410519","medicus"
"410537","curator"
"410549","curator"
"410595","faber"
"410613","aerarius"
"410613","curator"
"410620","mercator"
"410620","panarius"
"410626","curator"
"410626","poeta"
"410760","arcarius"
"410769","aerarius"
"410829","argentarius"
"410831","gemmarius"
"410833","aurufex"
"411066","artifex"
"411067","artifex"
"411381","vexillarius"
"411411","faber"
"411412","faber"
"411438","vascularius"
"411439","negotians"
"411440","clavicularius"
"411554","curator"
"411853","faber"
"412206","sutor"
"412562","salarius"
"412586","librator"
"412641","curator"
"412664","figulus"
"412688","aerarius"
"412959","artifex"
"412968","pomarius"
"413074","curator"
"413178","medicus"
"413205","curator"
"413330","possessor"
"413330","signator"
"413330","scriba"
"413575","scriba"
"413903","curator"
"414047","forensis"
"414151","curator"
"414457","faber"
"414473","marmorarius"
"414474","cuparius"
"414955","redemptor"
"416729","curator"
"416816","faber"
"416817","arcarius"
"416819","scriba"
"417185","aedifex"
"417333","aedifex"
"417392","curator"
"417392","curator"
"417422","negotians"
"418175","fullo"
"418762","trapezita"
"418899","faber"
"418902","faber"
"419217","curator"
"419218","curator"
"419356","sagittarius"
"419496","plumbarius"
"419552","curator"
"419555","faber"
"419556","faber"
"419643","faber"
"419686","purpurarius"
"419688","aerarius"
"419688","faber"
"419829","purpurarius"
"420156","scriba"
"420747","dendrophorus"
"421022","aerarius"
"421061","curator"
"421061","faber"
"421063","faber centonarius"
"421063","dendrophorus"
"421070","dendrophorus"
"421073","faber"
"421080","negotiator"
"421242","curator"
"421307","nauta"
"421310","aerarius"
"421310","aerarius"
"421310","curator"
"421324","centonarius"
"421324","curator"
"421324","faber"
"421373","centonarius"
"421373","faber"
"421399","centonarius"
"421399","curator"
"421399","faber"
"421536","centonarius"
"421536","dolabrarius"
"421536","scalarius"
"421536","curator"
"421537","centonarius"
"421605","curator"
"421609","faber"
"421614","vexillarius"
"421614","faber"
"421617","dendrophorus"
"421619","medicus"
"421625","centonarius"
"421629","faber"
"421637","nauta"
"421638","dendrophorus"
"421646","faber"
"421651","faber"
"421655","scriba"
"421656","mensor"
"421657","topiarius"
"421658","medicus"
"421888","caplator"
"421888","caplator"
"421888","curator"
"422086","faber"
"422130","negotiator vestiarius"
"422215","curator"
"422258","vestiarius"
"422265","circitor"
"422267","mensor"
"422292","negotiator"
"422324","marmorarius"
"422384","aerarius"
"422384","curator"
"422398","faber"
"422488","faber"
"422490","curator"
"422548","mensor"
"422551","vexillarius"
"422649","aerarius"
"422667","curator"
"422682","aerarius"
"422682","aerarius"
"422689","centonarius"
"422689","faber"
"422693","arcarius"
"422701","aerarius"
"422701","curator"
"422701","scriba"
"422704","centonarius"
"422704","curator"
"422704","faber"
"422707","iumentarius"
"422707","possessor"
"422713","possessor"
"422724","pantomimus"
"422727","argentarius"
"422727","negotiator"
"422727","aerarius"
"422737","dendrophorus"
"422741","aerarius"
"422741","curator"
"422747","negotiator"
"422747","nauta"
"422750","centonarius"
"422756","caligarius"
"422756","sutor"
"422757","medicus"
"422759","carpentarius"
"422760","linarius"
"422761","dissignator"
"422761","scriba"
"422762","negotiator sagarius"
"422763","sagarius"
"422765","negotiator sagarius et pellicarius"
"422766","negotiator sagarius"
"422768","copo"
"422769","negotiator"
"422901","medicus"
"423249","curator"
"423331","frumentarius"
"423361","conditor"
"423435","scutarius"
"423476","aurifex"
"423480","conditor"
"423499","cornicen"
"423566","vinariarius"
"423566","negotiator"
"423581","curator"
"423805","faber"
"423824","curator"
"423903","centonarius"
"423907","aerarius"
"423908","aerarius"
"423960","faber carpentarius"
"424033","aerarius"
"424036","faber"
"424041","medicus"
"424070","pinctor"
"424102","faber centonarius"
"424102","curator"
"424122","aerarius"
"424257","scriptor"
"424296","ballistarius"
"424308","curator"
"424329","faber"
"424425","centonarius"
"424455","faber"
"424456","medicus"
"424485","circitor"
"424491","curator"
"424509","clavarius"
"424519","scriba"
"424529","medicus"
"424530","marmorarius"
"424530","lignarius"
"424927","caligarius"
"424980","scriptor"
"424980","excusor"
"424980","factor"
"424982","opifex"
"424985","redemptor"
"425115","negotiator"
"425129","redemptor"
"425229","curator"
"425256","faber"
"425283","faber"
"425289","curator"
"425296","curator"
"425297","curator"
"425298","curator"
"425316","faber"
"425370","curator"
"425376","faber"
"425377","curator"
"425381","arcarius"
"425381","curator"
"425385","curator"
"425385","curator"
"425388","curator"
"425389","curator"
"425390","centonarius"
"425394","curator"
"425401","aurifex"
"425401","aurifex"
"425403","faber tignarius"
"425403","scabillarius"
"425403","centonarius"
"425403","curator"
"425403","curator"
"425422","medicus"
"425423","tibicinus"
"425423","tibicinus"
"425427","aerarius"
"425544","aerarius"
"425638","scaenicus"
"425694","curator"
"425695","purpurarius"
"425723","faber"
"425736","ocularius"
"425736","medicus"
"425740","curator"
"425748","medicus"
"425772","pincerna"
"425775","faber lectarius"
"425775","faber"
"425777","ocularius"
"425777","medicus"
"425947","lanius"
"426024","mensor"
"426071","faber"
"426138","curator"
"426206","faber"
"426213","curator"
"426216","faber"
"426230","centonarius"
"426230","centonarius"
"426237","aerarius"
"426249","fullo"
"426251","negotiator"
"426357","aurarius"
"426451","curator"
"426470","curator"
"426512","centonarius"
"426513","aerarius"
"426513","aerarius"
"426513","curator"
"426514","centonarius"
"426514","aerarius"
"426514","faber"
"426517","faber"
"426518","exceptor"
"426518","exceptor"
"426529","aerarius"
"426705","aerarius"
"426705","curator"
"426851","opifex"
"426975","lintiarius"
"426978","centonarius"
"426978","faber"
"426979","ocularius"
"426979","medicus"
"426982","faber centonarius"
"426990","architectus"
"427156","frumentarius"
"427157","frumentarius"
"427161","faber"
"427162","faber"
"427167","scriba"
"427257","faber"
"427271","armamentarius"
"427274","faber tignarius"
"427275","iumentarius"
"427277","medicus"
"427327","purpurarius"
"427328","centonarius"
"427335","dendrophorus"
"427383","faber"
"427385","faber centonarius"
"427410","lanarius"
"427411","medicus"
"427412","medicus"
"427414","unguentarius"
"427514","curator"
"427514","faber"
"427640","aerarius"
"427641","curator"
"427641","curator"
"427704","aerarius"
"427718","scriptor"
"427719","redemptor"
"427826","curator"
"427916","lignarius"
"427981","curator"
"427982","curator"
"427997","curator"
"428003","faber"
"428006","curator"
"428006","curator"
"428019","faber"
"428024","gladiator"
"428025","faber"
"428029","faber centonarius"
"428029","dendrophorus"
"428029","navicularius"
"428029","forensis"
"428034","vestiarius"
"428034","vestiarius"
"428034","lanarius"
"428034","lanarius"
"428034","structor"
"428034","structor"
"428036","faber"
"428037","faber"
"428044","faber centonarius"
"428044","faber centonarius"
"428044","navicularius"
"428045","centonarius"
"428056","centonarius"
"428062","tector"
"428063","faber"
"428600","negotiator"
"428620","dendrophorus"
"428649","scriba"
"428649","faber"
"428652","scriba"
"428655","aerarius"
"428655","curator"
"428656","faber"
"428671","dissignator"
"428717","circitor"
"428717","faber"
"428726","faber"
"428729","arcarius"
"428775","iumentarius"
"428780","structor"
"428815","medicus"
"428817","architectus"
"428823","centonarius"
"428828","faber centonarius"
"428828","dendrophorus"
"428831","centonarius"
"428833","centonarius"
"428834","centonarius"
"428835","centonarius"
"428836","centonarius"
"428840","centonarius"
"428841","centonarius"
"428842","centonarius"
"428843","centonarius"
"428843","medicus"
"428845","centonarius"
"428849","centonarius"
"429000","faber"
"429001","centonarius"
"429002","centonarius"
"429012","scriba"
"429148","opifex"
"429149","materiarius"
"429152","cisiarius"
"429194","curator"
"429210","centonarius"
"429210","curator"
"429211","curator"
"429214","faber"
"429237","curator"
"429237","faber"
"429264","gladiator"
"429264","scaenicus"
"429264","scaenicus"
"429269","curator"
"429270","curator"
"429271","aerarius"
"429271","aerarius"
"429271","curator"
"429273","faber"
"429282","curator"
"429284","argentarius"
"429284","coactor"
"429342","poeta"
"429381","dissignator"
"429404","fullo"
"429422","faber"
"429447","scamillarius"
"429447","faber"
"429458","faber"
"429478","iumentarius"
"429479","medicus"
"429633","tector"
"429692","anularius"
"429740","aerarius"
"429741","curator"
"429765","negotians"
"429765","possessor"
"429789","faber ferrarius"
"429950","frumentarius"
"430103","aerarius"
"430106","pictor"
"430127","medicus"
"430144","curator"
"430150","curator"
"430152","faber"
"430165","faber tignarius"
"430167","argentarius"
"430168","fullo"
"430338","nauta"
"430600","aerarius"
"430600","curator"
"430600","faber"
"430623","aerarius"
"430832","centonarius"
"430949","faber"
"430987","medicus"
"430992","lanius"
"430993","curator"
"431037","centonarius"
"431037","vestiarius"
"431045","faber"
"431059","centonarius"
"431059","faber"
"431092","barbaricarius"
"431106","lotor"
"431119","sector"
"431192","dolabrarius"
"431192","faber"
"431216","mensor"
"431219","frumentarius"
"431271","infector"
"431286","dendrophorus"
"431286","centonarius"
"431286","faber"
"431301","faber"
"431304","medicus"
"431307","pistor"
"431308","retiarius"
"431310","unctor"
"431311","negotiator"
"431312","lintio"
"431316","pistor"
"431317","negotiator"
"431750","scriptor"
"431755","funerarius"
"431842","caligarius"
"431855","nauclerus"
"431863","nauclerus"
"432012","conditor"
"432013","conditor"
"432278","salarius"
"432282","faber"
"432312","pecuarius"
"432317","nummularius"
"432319","ocularius"
"432319","medicus"
"432561","nauclerus"
"432748","medicus"
"432749","medicus"
"432774","vestiarius"
"432959","nauclerus"
"432973","clavarius"
"432975","ferrarius"
"432976","gladiarius"
"432977","lanifica"
"432978","medicus"
"432979","medicus"
"433018","nummularius"
"433117","curator"
"433118","curator"
"433129","faber"
"433138","faber"
"433169","arcarius"
"433204","faber"
"433205","faber"
"433206","medicus"
"433211","centonarius"
"433216","argentarius"
"433216","excusor"
"433217","faber navalis"
"433218","medicus"
"433219","medicus"
"433222","negotiator"
"433223","negotiator"
"433224","negotiator"
"433225","negotiator margaritarius"
"433229","unctor"
"434598","faber"
"434599","frumentarius"
"434622","argentarius"
"434997","faber"
"435007","faber"
"436010","architectus"
"436036","curator"
"436077","curator"
"436079","ornatrix"
"436255","vestiarius"
"436312","dendrophorus"
"436344","curator"
"436351","iumentarius"
"436352","faber"
"436356","faber tignuarius"
"436366","faber"
"436434","iumentarius"
"436460","centonarius"
"436462","faber"
"436465","aerarius"
"436469","centonarius"
"436469","curator"
"436469","faber"
"436471","curator"
"436480","curator"
"436498","medicus"
"436499","curator"
"436499","curator"
"436499","faber"
"436500","scutarius"
"436504","faber"
"436505","faber"
"436512","curator"
"436517","centonarius"
"436517","faber"
"436518","centonarius"
"436522","faber"
"436527","centonarius"
"436527","faber"
"436528","centonarius"
"436528","faber"
"436537","centonarius"
"436537","faber"
"436539","centonarius"
"436539","faber"
"436546","centonarius"
"436547","centonarius"
"436547","faber"
"436549","dendrophorus"
"436557","centonarius"
"436564","faber"
"436575","aerarius"
"436579","faber"
"436583","centonarius"
"436585","centonarius"
"436585","faber"
"436590","centonarius"
"436590","aerarius"
"436590","faber"
"436602","faber"
"436608","dendrophorus"
"436608","centonarius"
"436608","centonarius"
"436608","faber"
"436608","faber"
"436614","centonarius"
"436614","faber"
"436615","curator"
"436619","centonarius"
"436619","centonarius"
"436619","centonarius"
"436619","faber"
"436620","farmacopola"
"436620","faber"
"436622","centonarius"
"436629","centonarius"
"436632","pectinarius"
"436632","lanarius"
"436634","arcarius"
"436635","coactor"
"436636","lanarius"
"436636","coactor"
"436637","retiarius"
"436640","sarcitor"
"436641","medicus"
"437032","dendrophorus"
"437058","centonarius"
"437058","pictor"
"437174","centonarius"
"437208","faber"
"437230","centonarius"
"437230","faber"
"437231","aeneator"
"437234","retiarius"
"437248","curator"
"437253","albarius"
"437450","retiarius"
"437578","mensor"
"437588","aurifex"
"437673","spatharius"
"437857","curator"
"437877","mercator"
"437897","scutarius"
"437909","architectus"
"437911","faber"
"437922","medicus"
"437951","arcarius"
"438031","fabricensis"
"438034","fabricensis"
"438035","sagittarius"
"438039","sagittarius"
"438101","fabricensis"
"438107","lapidarius"
"438108","negotiator"
"438129","centonarius"
"438129","faber"
"438407","nummularius"
"438408","circitor"
"438409","tonsor"
"438593","navalis"
"438596","aerarius"
"438596","curator"
"438601","faber"
"438622","medicus"
"438630","pectinator"
"438634","sarcinatrix"
"438636","cocus"
"438637","medicus"
"438715","piscator"
"439052","curator"
"439296","aerarius"
"439297","aerarius"
"439297","aerarius"
"439360","faber"
"439393","faber"
"439407","dendrophorus"
"439407","centonarius"
"439417","sutor"
"439776","negotiator"
"439823","faber"
"439867","curator"
"440069","faber"
"440083","aerarius"
"440084","ocularius"
"440084","medicus"
"440161","curator"
"440177","magnarius"
"440177","aurifex"
"440370","factor"
"440379","faber"
"440382","dendrophorus"
"440389","aerarius"
"440402","aerarius"
"440403","aerarius"
"440403","curator"
"440406","faber"
"440407","faber"
"440410","faber"
"440411","faber"
"440412","curator"
"440414","faber"
"440415","faber"
"440422","faber"
"440424","faber"
"440428","columnarius"
"440429","medicus"
"440432","centonarius"
"440436","faber"
"440451","officinator"
"440731","aurifex"
"440778","faber"
"440788","arcarius"
"440796","scriba"
"440871","conditor"
"441018","faber"
"441030","nauta"
"441031","nauta"
"441068","faber"
"441068","faber"
"441069","faber"
"441107","faber"
"441330","faber ferrarius"
"441380","medicus"
"441437","faber"
"441480","parasitus"
"441480","vinarius"
"441510","faber"
"441512","faber"
"441543","dendrophorus"
"441635","medicus"
"441639","nummularius"
"441640","nauta"
"441643","faber"
"441644","pectinarius"
"441644","faber"
"441807","possessor"
"441895","faber"
"441984","curator"
"441984","curator"
"441985","curator"
"442199","faber"
"442265","vestiarius"
"442265","negotians"
"442340","nauta"
"442507","arcarius"
"442508","arcarius"
"442533","negotiator"
"442536","scriptor"
"442537","purpurarius"
"442537","purpurarius"
"442552","tonsor"
"442660","arcarius"
"443161","curator"
"443165","faber"
"443178","medicus"
"443179","gladiator"
"443179","retiarius"
"443374","medicus"
"443675","faber"
"443692","centonarius"
"443697","medicus"
"443699","medicus"
"443701","pantomimus"
"443954","lintio"
"443955","lintio"
"444023","cellarius"
"444029","venator"
"444034","lanius"
"444058","arcarius"
"444059","fictor"
"444064","sagittarius"
"444067","frumentarius"
"444080","curator"
"444081","curator"
"444090","curator"
"444090","faber"
"444102","curator"
"444103","venator"
"444110","centonarius"
"444112","aerarius"
"444124","faber"
"444125","argentarius"
"444125","vasclarius"
"444135","centonarius"
"444153","faber"
"444175","vestiarius"
"444178","architectus"
"444178","architectus"
"444179","retiarius"
"444886","curator"
"444968","centonarius"
"444968","faber"
"445011","statuarius"
"445085","mensor"
"445086","ocularius"
"445086","medicus"
"445088","capsarius"
"445246","curator"
"445298","vexillarius"
"445390","curator"
"445391","susceptor"
